Hijo #Aleatorio Rand_var Beta
23.88128  6.28310 28.27430  0.80024  0.00000 generacion=0
15.31860  6.28310 28.27430  0.41087  0.00000 generacion=0
20.73250  6.28310 28.27430  0.65705  0.00000 generacion=0
12.16439  6.28310 28.27430  0.26744  0.00000 generacion=0
26.90519  6.28310 28.27430  0.93774  0.00000 generacion=0
27.15299  6.28310 28.27430  0.94901  0.00000 generacion=0
16.10557  0.18007  0.17841  0.70928  1.00000 generacion=1
19.94553  0.18007  0.17841  0.70928  1.00000 generacion=1
20.19969  0.82743  0.68991  1.17263  1.00000 generacion=1
27.43800  0.82743  0.68991  1.17263  1.00000 generacion=1
15.86363  0.35358  0.33232  0.87270  1.00000 generacion=1
23.33624  0.35358  0.33232  0.87270  1.00000 generacion=1
20.36262  0.48279  0.35090  0.88867  1.00000 generacion=2
27.02092  0.48279  0.35090  0.88867  1.00000 generacion=2
19.91584  0.75344  0.75344  1.26575  1.00000 generacion=2
20.19863  0.75344  0.75344  1.26575  1.00000 generacion=2
 0.00000  0.00000  0.00000  0.00000  0.00000 generacion=2
 0.00000  0.00000  0.00000  0.00000  0.00000 generacion=2
19.78158  0.78012  0.58364  1.06292  1.00000 generacion=3
27.56443  0.78012  0.58364  1.06292  1.00000 generacion=3
 0.00000  0.00000  0.00000  0.00000  0.00000 generacion=3
 0.00000  0.00000  0.00000  0.00000  0.00000 generacion=3
19.31824  0.57121  0.57115  1.05250  1.00000 generacion=3
20.38933  0.57121  0.57115  1.05250  1.00000 generacion=3
20.14223  0.88965  0.88960  1.65448  1.00000 generacion=4
21.39153  0.88965  0.88960  1.65448  1.00000 generacion=4
 0.00000  0.00000  0.00000  0.00000  0.00000 generacion=4
 0.00000  0.00000  0.00000  0.00000  0.00000 generacion=4
19.93381  0.82317  0.82317  1.41407  1.00000 generacion=4
20.46746  0.82317  0.82317  1.41407  1.00000 generacion=4
19.48003  0.96017  0.96004  2.32149  1.00000 generacion=5
21.80663  0.96017  0.96004  2.32149  1.00000 generacion=5
20.46746  0.97658  0.97658  2.77414  0.00000 generacion=5
20.46746  0.97658  0.97658  2.77414  0.00000 generacion=5
20.28171  0.09600  0.09599  0.57688  1.00000 generacion=5
20.66205  0.09600  0.09599  0.57688  1.00000 generacion=5
20.21758  0.64560  0.64549  1.12145  1.00000 generacion=6
21.40187  0.64560  0.64549  1.12145  1.00000 generacion=6
20.56373  0.23616  0.23614  0.77875  1.00000 generacion=6
21.24147  0.23616  0.23614  0.77875  1.00000 generacion=6
 0.00000  0.00000  0.00000  0.00000  0.00000 generacion=6
 0.00000  0.00000  0.00000  0.00000  0.00000 generacion=6
 0.00000  0.00000  0.00000  0.00000  0.00000 generacion=7
 0.00000  0.00000  0.00000  0.00000  0.00000 generacion=7
20.24254  0.25623  0.25623  0.80023  1.00000 generacion=7
20.44250  0.25623  0.25623  0.80023  1.00000 generacion=7
 0.00000  0.00000  0.00000  0.00000  0.00000 generacion=7
 0.00000  0.00000  0.00000  0.00000  0.00000 generacion=7
 0.00000  0.00000  0.00000  0.00000  0.00000 generacion=8
 0.00000  0.00000  0.00000  0.00000  0.00000 generacion=8
20.19359  0.90641  0.90641  1.74813  1.00000 generacion=8
20.30570  0.90641  0.90641  1.74813  1.00000 generacion=8
20.21698  0.91499  0.91499  1.80509  1.00000 generacion=8
20.50723  0.91499  0.91499  1.80509  1.00000 generacion=8
20.30367  0.26108  0.26108  0.80525  1.00000 generacion=9
20.48527  0.26108  0.26108  0.80525  1.00000 generacion=9
 0.00000  0.00000  0.00000  0.00000  0.00000 generacion=9
 0.00000  0.00000  0.00000  0.00000  0.00000 generacion=9
 0.00000  0.00000  0.00000  0.00000  0.00000 generacion=9
 0.00000  0.00000  0.00000  0.00000  0.00000 generacion=9
 0.00000  0.00000  0.00000  0.00000  0.00000 generacion=10
 0.00000  0.00000  0.00000  0.00000  0.00000 generacion=10
20.28052  0.51706  0.51706  1.01164  1.00000 generacion=10
20.48645  0.51706  0.51706  1.01164  1.00000 generacion=10
15.02276  0.64146  0.64146  1.11723  0.00000 generacion=10
15.02276  0.64146  0.64146  1.11723  0.00000 generacion=10
14.37697  0.38879  0.38442  0.91610  1.00000 generacion=11
20.02203  0.38879  0.38442  0.91610  1.00000 generacion=11
15.02276  0.20241  0.20241  0.73975  0.00000 generacion=11
15.02276  0.20241  0.20241  0.73975  0.00000 generacion=11
14.09869  0.56035  0.56030  1.04377  1.00000 generacion=11
15.04255  0.56035  0.56030  1.04377  1.00000 generacion=11
 0.00000  0.00000  0.00000  0.00000  0.00000 generacion=12
 0.00000  0.00000  0.00000  0.00000  0.00000 generacion=12
14.11632  0.14239  0.14239  0.65791  1.00000 generacion=12
14.32319  0.14239  0.14239  0.65791  1.00000 generacion=12
14.36318  0.55737  0.55735  1.04144  1.00000 generacion=12
15.05634  0.55737  0.55735  1.04144  1.00000 generacion=12
 0.00000  0.00000  0.00000  0.00000  0.00000 generacion=13
 0.00000  0.00000  0.00000  0.00000  0.00000 generacion=13
12.74549  0.91729  0.91375  1.79638  1.00000 generacion=13
19.86304  0.91729  0.91375  1.79638  1.00000 generacion=13
14.04680  0.64479  0.64479  1.12071  1.00000 generacion=13
14.33892  0.64479  0.64479  1.12071  1.00000 generacion=13
13.80802  0.79422  0.79400  1.34391  1.00000 generacion=14
15.67424  0.79422  0.79400  1.34391  1.00000 generacion=14
16.81519  0.35579  0.35505  0.89216  1.00000 generacion=14
19.68933  0.35579  0.35505  0.89216  1.00000 generacion=14
13.61137  0.67787  0.67101  1.14973  1.00000 generacion=14
20.29848  0.67787  0.67101  1.14973  1.00000 generacion=14
 0.00000  0.00000  0.00000  0.00000  0.00000 generacion=15
 0.00000  0.00000  0.00000  0.00000  0.00000 generacion=15
 0.00000  0.00000  0.00000  0.00000  0.00000 generacion=15
 0.00000  0.00000  0.00000  0.00000  0.00000 generacion=15
13.68487  0.00805  0.00805  0.25251  1.00000 generacion=15
13.73452  0.00805  0.00805  0.25251  1.00000 generacion=15
 0.00000  0.00000  0.00000  0.00000  0.00000 generacion=16
 0.00000  0.00000  0.00000  0.00000  0.00000 generacion=16
13.76148  0.56832  0.56794  1.04988  1.00000 generacion=16
15.72078  0.56832  0.56794  1.04988  1.00000 generacion=16
13.59185  0.78112  0.78112  1.31701  1.00000 generacion=16
13.75404  0.78112  0.78112  1.31701  1.00000 generacion=16
 0.00000  0.00000  0.00000  0.00000  0.00000 generacion=17
 0.00000  0.00000  0.00000  0.00000  0.00000 generacion=17
13.76148  0.75398  0.75398  1.26668  0.00000 generacion=17
13.76148  0.75398  0.75398  1.26668  0.00000 generacion=17
13.57010  0.71262  0.71217  1.20211  1.00000 generacion=17
15.75828  0.71262  0.71217  1.20211  1.00000 generacion=17
13.60546  0.68994  0.68951  1.17212  1.00000 generacion=18
15.73035  0.68994  0.68951  1.17212  1.00000 generacion=18
13.57010  0.55016  0.55016  1.03587  0.00000 generacion=18
13.57010  0.55016  0.55016  1.03587  0.00000 generacion=18
13.15465  0.88042  0.87970  1.60780  1.00000 generacion=18
16.36511  0.88042  0.87970  1.60780  1.00000 generacion=18
13.57552  0.16663  0.16663  0.69331  1.00000 generacion=19
13.60004  0.16663  0.16663  0.69331  1.00000 generacion=19
13.05094  0.83939  0.83938  1.46012  1.00000 generacion=19
13.70918  0.83939  0.83938  1.46012  1.00000 generacion=19
12.72651  0.77574  0.77381  1.30267  1.00000 generacion=19
16.41190  0.77574  0.77381  1.30267  1.00000 generacion=19
13.23697  0.69444  0.69062  1.17353  1.00000 generacion=20
18.14762  0.69444  0.69062  1.17353  1.00000 generacion=20
 0.00000  0.00000  0.00000  0.00000  0.00000 generacion=20
 0.00000  0.00000  0.00000  0.00000  0.00000 generacion=20
13.20053  0.69820  0.69427  1.17818  1.00000 generacion=20
18.15954  0.69820  0.69427  1.17818  1.00000 generacion=20
12.36599  0.79792  0.79059  1.33658  1.00000 generacion=21
18.99408  0.79792  0.79059  1.33658  1.00000 generacion=21
 8.70844  0.98679  0.97786  2.82662  1.00000 generacion=21
22.67098  0.98679  0.97786  2.82662  1.00000 generacion=21
13.20173  0.33577  0.33577  0.87571  1.00000 generacion=21
13.21868  0.33577  0.33577  0.87571  1.00000 generacion=21
 0.00000  0.00000  0.00000  0.00000  0.00000 generacion=22
 0.00000  0.00000  0.00000  0.00000  0.00000 generacion=22
 0.00000  0.00000  0.00000  0.00000  0.00000 generacion=22
 0.00000  0.00000  0.00000  0.00000  0.00000 generacion=22
 0.00000  0.00000  0.00000  0.00000  0.00000 generacion=22
 0.00000  0.00000  0.00000  0.00000  0.00000 generacion=22
 8.82144  0.47738  0.44123  0.95918  1.00000 generacion=23
14.13196  0.47738  0.44123  0.95918  1.00000 generacion=23
 0.00000  0.00000  0.00000  0.00000  0.00000 generacion=23
 0.00000  0.00000  0.00000  0.00000  0.00000 generacion=23
 7.86452  0.83843  0.77495  1.30485  1.00000 generacion=23
15.08889  0.83843  0.77495  1.30485  1.00000 generacion=23
 0.00000  0.00000  0.00000  0.00000  0.00000 generacion=24
 0.00000  0.00000  0.00000  0.00000  0.00000 generacion=24
 7.81990  0.63314  0.63018  1.10576  1.00000 generacion=24
 8.75306  0.63314  0.63018  1.10576  1.00000 generacion=24
 8.59409  0.52969  0.52969  1.02061  1.00000 generacion=24
 8.70960  0.52969  0.52969  1.02061  1.00000 generacion=24
 7.82343  0.31400  0.31400  0.85636  1.00000 generacion=25
 7.86560  0.31400  0.31400  0.85636  1.00000 generacion=25
 7.81515  0.13618  0.13618  0.64821  1.00000 generacion=25
 7.85761  0.13618  0.13618  0.64821  1.00000 generacion=25
 7.80203  0.70753  0.70753  1.19572  1.00000 generacion=25
 7.82149  0.70753  0.70753  1.19572  1.00000 generacion=25
 7.77454  0.90300  0.90300  1.72745  1.00000 generacion=26
 7.80937  0.90300  0.90300  1.72745  1.00000 generacion=26
 0.00000  0.00000  0.00000  0.00000  0.00000 generacion=26
 0.00000  0.00000  0.00000  0.00000  0.00000 generacion=26
 7.78086  0.62483  0.62483  1.10047  1.00000 generacion=26
 7.80305  0.62483  0.62483  1.10047  1.00000 generacion=26
 7.80521  0.22388  0.22388  0.76504  1.00000 generacion=27
 7.81932  0.22388  0.22388  0.76504  1.00000 generacion=27
 7.79014  0.08007  0.08007  0.54305  1.00000 generacion=27
 7.81221  0.08007  0.08007  0.54305  1.00000 generacion=27
 0.00000  0.00000  0.00000  0.00000  0.00000 generacion=27
 0.00000  0.00000  0.00000  0.00000  0.00000 generacion=27
 7.78071  0.54665  0.54665  1.03319  1.00000 generacion=28
 7.79030  0.54665  0.54665  1.03319  1.00000 generacion=28
 0.00000  0.00000  0.00000  0.00000  0.00000 generacion=28
 0.00000  0.00000  0.00000  0.00000  0.00000 generacion=28
 7.76907  0.94309  0.94309  2.06350  1.00000 generacion=28
 7.81484  0.94309  0.94309  2.06350  1.00000 generacion=28
 7.76807  0.68937  0.68937  1.17195  1.00000 generacion=29
 7.78171  0.68937  0.68937  1.17195  1.00000 generacion=29
 7.79010  0.88457  0.88457  1.63011  1.00000 generacion=29
 7.79035  0.88457  0.88457  1.63011  1.00000 generacion=29
 7.76429  0.83702  0.83702  1.45304  1.00000 generacion=29
 7.79492  0.83702  0.83702  1.45304  1.00000 generacion=29
 0.00000  0.00000  0.00000  0.00000  0.00000 generacion=30
 0.00000  0.00000  0.00000  0.00000  0.00000 generacion=30
 7.76429  0.95349  0.95349  2.20708  0.00000 generacion=30
 7.76429  0.95349  0.95349  2.20708  0.00000 generacion=30
 7.79008  0.63088  0.63088  1.10645  1.00000 generacion=30
 7.79036  0.63088  0.63088  1.10645  1.00000 generacion=30
 7.76511  0.41205  0.41205  0.93755  1.00000 generacion=31
 7.78955  0.41205  0.41205  0.93755  1.00000 generacion=31
 7.76266  0.65006  0.65006  1.12631  1.00000 generacion=31
 7.79173  0.65006  0.65006  1.12631  1.00000 generacion=31
 7.76429  0.65114  0.65114  1.12748  0.00000 generacion=31
 7.76429  0.65114  0.65114  1.12748  0.00000 generacion=31
 7.76403  0.88933  0.88933  1.65317  1.00000 generacion=32
 7.76537  0.88933  0.88933  1.65317  1.00000 generacion=32
 7.76274  0.41245  0.41245  0.93785  1.00000 generacion=32
 7.76503  0.41245  0.41245  0.93785  1.00000 generacion=32
 7.76286  0.21495  0.21495  0.75472  1.00000 generacion=32
 7.76409  0.21495  0.21495  0.75472  1.00000 generacion=32
 7.76217  0.84956  0.84956  1.49236  1.00000 generacion=33
 7.76559  0.84956  0.84956  1.49236  1.00000 generacion=33
 7.76116  0.97061  0.97061  2.57197  1.00000 generacion=33
 7.76673  0.97061  0.97061  2.57197  1.00000 generacion=33
 7.76529  0.42624  0.42623  0.94818  1.00000 generacion=33
 7.85860  0.42624  0.42623  0.94818  1.00000 generacion=33
 7.76565  0.53365  0.53364  1.02349  1.00000 generacion=34
 7.85967  0.53365  0.53364  1.02349  1.00000 generacion=34
 7.76204  0.10807  0.10807  0.60012  1.00000 generacion=34
 7.76471  0.10807  0.10807  0.60012  1.00000 generacion=34
 7.76089  0.61936  0.61936  1.09518  1.00000 generacion=34
 7.76700  0.61936  0.61936  1.09518  1.00000 generacion=34
 7.49754  0.55288  0.55285  1.03794  1.00000 generacion=35
 7.61941  0.55288  0.55285  1.03794  1.00000 generacion=35
 0.00000  0.00000  0.00000  0.00000  0.00000 generacion=35
 0.00000  0.00000  0.00000  0.00000  0.00000 generacion=35
 7.51382  0.96558  0.96551  2.43842  1.00000 generacion=35
 7.86425  0.96558  0.96551  2.43842  1.00000 generacion=35
 7.49831  0.76918  0.76916  1.29385  1.00000 generacion=36
 7.63492  0.76918  0.76916  1.29385  1.00000 generacion=36
 7.49754  0.58654  0.58654  1.06540  0.00000 generacion=36
 7.49754  0.58654  0.58654  1.06540  0.00000 generacion=36
 7.52563  0.23390  0.23389  0.77628  1.00000 generacion=36
 7.60760  0.23390  0.23389  0.77628  1.00000 generacion=36
 7.60890  0.37020  0.37020  0.90467  1.00000 generacion=37
 7.63362  0.37020  0.37020  0.90467  1.00000 generacion=37
 7.48773  0.53359  0.52473  1.01705  1.00000 generacion=37
 8.65803  0.53359  0.52473  1.01705  1.00000 generacion=37
 7.60926  0.33870  0.33870  0.87825  1.00000 generacion=37
 7.63326  0.33870  0.33870  0.87825  1.00000 generacion=37
 7.58793  0.68520  0.68497  1.16647  1.00000 generacion=38
 7.88186  0.68520  0.68497  1.16647  1.00000 generacion=38
 7.49598  0.32226  0.32224  0.86378  1.00000 generacion=38
 7.60065  0.32226  0.32224  0.86378  1.00000 generacion=38
 7.48987  0.46514  0.46507  0.97615  1.00000 generacion=38
 7.66564  0.46514  0.46507  0.97615  1.00000 generacion=38
 7.66662  0.48661  0.48652  0.99093  1.00000 generacion=39
 7.88088  0.48661  0.48652  0.99093  1.00000 generacion=39
 0.00000  0.00000  0.00000  0.00000  0.00000 generacion=39
 0.00000  0.00000  0.00000  0.00000  0.00000 generacion=39
 7.60533  0.31362  0.31362  0.85601  1.00000 generacion=39
 7.66096  0.31362  0.31362  0.85601  1.00000 generacion=39
 7.35172  0.66008  0.65967  1.13682  1.00000 generacion=40
 7.64834  0.66008  0.65967  1.13682  1.00000 generacion=40
 0.00000  0.00000  0.00000  0.00000  0.00000 generacion=40
 0.00000  0.00000  0.00000  0.00000  0.00000 generacion=40
 7.40354  0.43786  0.43496  0.95461  1.00000 generacion=40
 8.05664  0.43786  0.43496  0.95461  1.00000 generacion=40
 7.63546  0.04332  0.04332  0.44250  1.00000 generacion=41
 7.64336  0.04332  0.04332  0.44250  1.00000 generacion=41
 7.47292  0.18777  0.18653  0.71987  1.00000 generacion=41
 7.96156  0.18777  0.18653  0.71987  1.00000 generacion=41
 7.62650  0.83514  0.83514  1.44749  1.00000 generacion=41
 7.65233  0.83514  0.83514  1.44749  1.00000 generacion=41
 7.68074  0.37522  0.37028  0.90473  1.00000 generacion=42
 8.71105  0.37522  0.37028  0.90473  1.00000 generacion=42
 7.63546  0.00342  0.00342  0.18987  0.00000 generacion=42
 7.63546  0.00342  0.00342  0.18987  0.00000 generacion=42
 7.46043  0.68196  0.68188  1.16268  1.00000 generacion=42
 7.63899  0.68196  0.68188  1.16268  1.00000 generacion=42
 7.63607  0.14212  0.14212  0.65750  1.00000 generacion=43
 7.63838  0.14212  0.14212  0.65750  1.00000 generacion=43
 7.63588  0.22390  0.22390  0.76505  1.00000 generacion=43
 7.63857  0.22390  0.22390  0.76505  1.00000 generacion=43
 7.63546  0.51942  0.51942  1.01330  0.00000 generacion=43
 7.63546  0.51942  0.51942  1.01330  0.00000 generacion=43
 7.63572  0.64914  0.64914  1.12533  1.00000 generacion=44
 7.63854  0.64914  0.64914  1.12533  1.00000 generacion=44
 7.63857  0.08233  0.08233  0.54811  0.00000 generacion=44
 7.63857  0.08233  0.08233  0.54811  0.00000 generacion=44
 7.63875  0.26516  0.26516  0.80943  1.00000 generacion=44
 7.66319  0.26516  0.26516  0.80943  1.00000 generacion=44
 7.63857  0.49213  0.49213  0.99472  1.00000 generacion=45
 7.63875  0.49213  0.49213  0.99472  1.00000 generacion=45
 7.63863  0.02418  0.02418  0.36435  1.00000 generacion=45
 7.63870  0.02418  0.02418  0.36435  1.00000 generacion=45
 7.63857  0.49774  0.49774  0.99849  0.00000 generacion=45
 7.63857  0.49774  0.49774  0.99849  0.00000 generacion=45
 7.63855  0.73800  0.73800  1.24039  1.00000 generacion=46
 7.63878  0.73800  0.73800  1.24039  1.00000 generacion=46
 7.63857  0.22748  0.22748  0.76911  0.00000 generacion=46
 7.63857  0.22748  0.22748  0.76911  0.00000 generacion=46
 7.63856  0.66158  0.66158  1.13895  1.00000 generacion=46
 7.63877  0.66158  0.66158  1.13895  1.00000 generacion=46
 7.63855  0.85779  0.85779  1.52059  1.00000 generacion=47
 7.63856  0.85779  0.85779  1.52059  1.00000 generacion=47
 0.00000  0.00000  0.00000  0.00000  0.00000 generacion=47
 0.00000  0.00000  0.00000  0.00000  0.00000 generacion=47
 0.00000  0.00000  0.00000  0.00000  0.00000 generacion=47
 0.00000  0.00000  0.00000  0.00000  0.00000 generacion=47
 6.84875  0.83300  0.82018  1.40618  1.00000 generacion=48
 7.74036  0.83300  0.82018  1.40618  1.00000 generacion=48
 7.61022  0.62580  0.62580  1.10143  1.00000 generacion=48
 7.63993  0.62580  0.62580  1.10143  1.00000 generacion=48
 7.63856  0.12379  0.12379  0.62793  1.00000 generacion=48
 7.63856  0.12379  0.12379  0.62793  1.00000 generacion=48
 7.64899  0.03300  0.03300  0.40412  1.00000 generacion=49
 7.70159  0.03300  0.03300  0.40412  1.00000 generacion=49
 0.00000  0.00000  0.00000  0.00000  0.00000 generacion=49
 0.00000  0.00000  0.00000  0.00000  0.00000 generacion=49
 0.00000  0.00000  0.00000  0.00000  0.00000 generacion=49
 0.00000  0.00000  0.00000  0.00000  0.00000 generacion=49
 7.60324  0.84963  0.84962  1.49256  1.00000 generacion=50
 7.64554  0.84963  0.84962  1.49256  1.00000 generacion=50
 0.00000  0.00000  0.00000  0.00000  0.00000 generacion=50
 0.00000  0.00000  0.00000  0.00000  0.00000 generacion=50
 7.60906  0.60534  0.60534  1.08206  1.00000 generacion=50
 7.63972  0.60534  0.60534  1.08206  1.00000 generacion=50
 7.44252  0.80783  0.80132  1.36022  1.00000 generacion=51
 8.65628  0.80783  0.80132  1.36022  1.00000 generacion=51
 7.62081  0.00420  0.00420  0.20321  1.00000 generacion=51
 7.62681  0.00420  0.00420  0.20321  1.00000 generacion=51
 7.60321  0.50208  0.50208  1.00139  1.00000 generacion=51
 7.63975  0.50208  0.50208  1.00139  1.00000 generacion=51
 7.86473  0.05600  0.05554  0.48072  1.00000 generacion=52
 8.30523  0.05600  0.05554  0.48072  1.00000 generacion=52
 7.51385  0.81620  0.81618  1.39591  1.00000 generacion=52
 7.66055  0.81620  0.81618  1.39591  1.00000 generacion=52
 7.62811  0.25506  0.25506  0.79901  1.00000 generacion=52
 7.63845  0.25506  0.25506  0.79901  1.00000 generacion=52
 7.68932  0.37736  0.37612  0.90946  1.00000 generacion=53
 8.26730  0.37736  0.37612  0.90946  1.00000 generacion=53
 7.62715  0.70012  0.70012  1.18579  1.00000 generacion=53
 7.63941  0.70012  0.70012  1.18579  1.00000 generacion=53
 0.00000  0.00000  0.00000  0.00000  0.00000 generacion=53
 0.00000  0.00000  0.00000  0.00000  0.00000 generacion=53
 7.62880  0.33704  0.33704  0.87681  1.00000 generacion=54
 7.63871  0.33704  0.33704  0.87681  1.00000 generacion=54
 7.51351  0.87557  0.87312  1.57952  1.00000 generacion=54
 8.47188  0.87557  0.87312  1.57952  1.00000 generacion=54
 0.00000  0.00000  0.00000  0.00000  0.00000 generacion=54
 0.00000  0.00000  0.00000  0.00000  0.00000 generacion=54
 7.39552  0.96123  0.96109  2.34225  1.00000 generacion=55
 7.80731  0.96123  0.96109  2.34225  1.00000 generacion=55
 7.61064  0.96586  0.96586  2.44672  0.00000 generacion=55
 7.61064  0.96586  0.96586  2.44672  0.00000 generacion=55
 0.00000  0.00000  0.00000  0.00000  0.00000 generacion=55
 0.00000  0.00000  0.00000  0.00000  0.00000 generacion=55
 7.39507  0.20033  0.19971  0.73644  1.00000 generacion=56
 7.74474  0.20033  0.19971  0.73644  1.00000 generacion=56
 7.36390  0.93977  0.93920  2.01842  1.00000 generacion=56
 7.95692  0.93977  0.93920  2.01842  1.00000 generacion=56
 7.40907  0.22864  0.22862  0.77040  1.00000 generacion=56
 7.49997  0.22864  0.22862  0.77040  1.00000 generacion=56
 7.39226  0.81840  0.81840  1.40158  1.00000 generacion=57
 7.41188  0.81840  0.81840  1.40158  1.00000 generacion=57
 7.74474  0.56230  0.56230  1.04536  0.00000 generacion=57
 7.74474  0.56230  0.56230  1.04536  0.00000 generacion=57
 7.38737  0.94606  0.94606  2.10060  1.00000 generacion=57
 7.41677  0.94606  0.94606  2.10060  1.00000 generacion=57
 7.04223  0.61752  0.60923  1.08563  1.00000 generacion=58
 7.77359  0.61752  0.60923  1.08563  1.00000 generacion=58
 7.39226  0.98245  0.98245  3.05399  0.00000 generacion=58
 7.39226  0.98245  0.98245  3.05399  0.00000 generacion=58
 6.81702  0.82663  0.80648  1.37220  1.00000 generacion=58
 7.89031  0.82663  0.80648  1.37220  1.00000 generacion=58
 0.00000  0.00000  0.00000  0.00000  0.00000 generacion=59
 0.00000  0.00000  0.00000  0.00000  0.00000 generacion=59
 7.38188  0.57439  0.57348  1.05441  1.00000 generacion=59
 7.78396  0.57439  0.57348  1.05441  1.00000 generacion=59
 6.94053  0.09492  0.09288  0.57059  1.00000 generacion=59
 7.26875  0.09492  0.09288  0.57059  1.00000 generacion=59
 7.16923  0.94436  0.94262  2.05777  1.00000 generacion=60
 7.99662  0.94436  0.94262  2.05777  1.00000 generacion=60
 7.89400  0.53228  0.53228  1.02250  0.00000 generacion=60
 7.89400  0.53228  0.53228  1.02250  0.00000 generacion=60
 7.40009  0.37679  0.37609  0.90944  1.00000 generacion=60
 7.76576  0.37679  0.37609  0.90944  1.00000 generacion=60
 7.15907  0.54935  0.54402  1.03120  1.00000 generacion=61
 7.83038  0.54935  0.54402  1.03120  1.00000 generacion=61
 6.93427  0.89936  0.88836  1.64837  1.00000 generacion=61
 8.12896  0.89936  0.88836  1.64837  1.00000 generacion=61
 0.00000  0.00000  0.00000  0.00000  0.00000 generacion=61
 0.00000  0.00000  0.00000  0.00000  0.00000 generacion=61
 0.00000  0.00000  0.00000  0.00000  0.00000 generacion=62
 0.00000  0.00000  0.00000  0.00000  0.00000 generacion=62
 0.00000  0.00000  0.00000  0.00000  0.00000 generacion=62
 0.00000  0.00000  0.00000  0.00000  0.00000 generacion=62
 0.00000  0.00000  0.00000  0.00000  0.00000 generacion=62
 0.00000  0.00000  0.00000  0.00000  0.00000 generacion=62
 0.00000  0.00000  0.00000  0.00000  0.00000 generacion=63
 0.00000  0.00000  0.00000  0.00000  0.00000 generacion=63
 7.99817  0.78693  0.78693  1.32888  0.00000 generacion=63
 7.99817  0.78693  0.78693  1.32888  0.00000 generacion=63
 7.05709  0.97973  0.97783  2.82521  1.00000 generacion=63
 8.29334  0.97973  0.97783  2.82521  1.00000 generacion=63
 7.88195  0.73226  0.73225  1.23145  1.00000 generacion=64
 8.01022  0.73226  0.73225  1.23145  1.00000 generacion=64
 7.49598  0.27543  0.27489  0.81922  1.00000 generacion=64
 7.85445  0.27543  0.27489  0.81922  1.00000 generacion=64
 0.00000  0.00000  0.00000  0.00000  0.00000 generacion=64
 0.00000  0.00000  0.00000  0.00000  0.00000 generacion=64
 7.43775  0.93196  0.93196  1.94416  1.00000 generacion=65
 7.51465  0.93196  0.93196  1.94416  1.00000 generacion=65
 7.85445  0.63770  0.63770  1.11335  0.00000 generacion=65
 7.85445  0.63770  0.63770  1.11335  0.00000 generacion=65
 0.00000  0.00000  0.00000  0.00000  0.00000 generacion=65
 0.00000  0.00000  0.00000  0.00000  0.00000 generacion=65
 7.50017  0.08367  0.08367  0.55105  1.00000 generacion=66
 7.51046  0.08367  0.08367  0.55105  1.00000 generacion=66
 7.85445  0.47673  0.47673  0.98424  0.00000 generacion=66
 7.85445  0.47673  0.47673  0.98424  0.00000 generacion=66
 7.49427  0.69812  0.69812  1.18316  1.00000 generacion=66
 7.51636  0.69812  0.69812  1.18316  1.00000 generacion=66
 7.50198  0.23448  0.23448  0.77692  1.00000 generacion=67
 7.51456  0.23448  0.23448  0.77692  1.00000 generacion=67
 7.50581  0.03156  0.03156  0.39816  1.00000 generacion=67
 7.50846  0.03156  0.03156  0.39816  1.00000 generacion=67
 0.00000  0.00000  0.00000  0.00000  0.00000 generacion=67
 0.00000  0.00000  0.00000  0.00000  0.00000 generacion=67
 7.50064  0.71945  0.71945  1.21241  1.00000 generacion=68
 7.51589  0.71945  0.71945  1.21241  1.00000 generacion=68
 7.50353  0.76139  0.76139  1.27967  1.00000 generacion=68
 7.50609  0.76139  0.76139  1.27967  1.00000 generacion=68
 7.50296  0.67926  0.67926  1.15950  1.00000 generacion=68
 7.51541  0.67926  0.67926  1.15950  1.00000 generacion=68
 7.50287  0.52087  0.52087  1.01431  1.00000 generacion=69
 7.51550  0.52087  0.52087  1.01431  1.00000 generacion=69
 7.51589  0.18298  0.18298  0.71528  0.00000 generacion=69
 7.51589  0.18298  0.18298  0.71528  0.00000 generacion=69
 7.50398  0.39518  0.39518  0.92458  1.00000 generacion=69
 7.51497  0.39518  0.39518  0.92458  1.00000 generacion=69
 0.00000  0.00000  0.00000  0.00000  0.00000 generacion=70
 0.00000  0.00000  0.00000  0.00000  0.00000 generacion=70
 0.00000  0.00000  0.00000  0.00000  0.00000 generacion=70
 0.00000  0.00000  0.00000  0.00000  0.00000 generacion=70
 7.47497  0.64289  0.63936  1.11506  1.00000 generacion=70
 8.26053  0.64289  0.63936  1.11506  1.00000 generacion=70
 7.47426  0.56690  0.56690  1.04905  1.00000 generacion=71
 7.50469  0.56690  0.56690  1.04905  1.00000 generacion=71
 7.51550  0.78194  0.78194  1.31867  0.00000 generacion=71
 7.51550  0.78194  0.78194  1.31867  0.00000 generacion=71
 7.47284  0.66881  0.66881  1.14718  1.00000 generacion=71
 7.50612  0.66881  0.66881  1.14718  1.00000 generacion=71
 7.47186  0.56278  0.56278  1.04574  1.00000 generacion=72
 7.51648  0.56278  0.56278  1.04574  1.00000 generacion=72
 7.50483  0.26241  0.26241  0.80662  1.00000 generacion=72
 7.50598  0.26241  0.26241  0.80662  1.00000 generacion=72
 7.50624  0.46226  0.46226  0.97418  1.00000 generacion=72
 7.51538  0.46226  0.46226  0.97418  1.00000 generacion=72
 0.00000  0.00000  0.00000  0.00000  0.00000 generacion=73
 0.00000  0.00000  0.00000  0.00000  0.00000 generacion=73
 0.00000  0.00000  0.00000  0.00000  0.00000 generacion=73
 0.00000  0.00000  0.00000  0.00000  0.00000 generacion=73
 7.50873  0.38512  0.38512  0.91666  1.00000 generacion=73
 7.51509  0.38512  0.38512  0.91666  1.00000 generacion=73
 7.51648  0.88643  0.88643  1.63897  0.00000 generacion=74
 7.51648  0.88643  0.88643  1.63897  0.00000 generacion=74
 7.49369  0.80823  0.80819  1.37625  1.00000 generacion=74
 7.66039  0.80823  0.80819  1.37625  1.00000 generacion=74
 7.47357  0.89979  0.89974  1.70852  1.00000 generacion=74
 7.68052  0.89979  0.89974  1.70852  1.00000 generacion=74
 7.65450  0.87463  0.87463  1.58582  1.00000 generacion=75
 7.68641  0.87463  0.87463  1.58582  1.00000 generacion=75
 7.47746  0.27404  0.27404  0.81837  1.00000 generacion=75
 7.51258  0.27404  0.27404  0.81837  1.00000 generacion=75
 0.00000  0.00000  0.00000  0.00000  0.00000 generacion=75
 0.00000  0.00000  0.00000  0.00000  0.00000 generacion=75
 7.47793  0.49255  0.49246  0.99495  1.00000 generacion=76
 7.65993  0.49255  0.49246  0.99495  1.00000 generacion=76
 7.49204  0.29143  0.29138  0.83528  1.00000 generacion=76
 7.63992  0.29143  0.29138  0.83528  1.00000 generacion=76
 7.54937  0.05585  0.05584  0.48158  1.00000 generacion=76
 7.61771  0.05585  0.05584  0.48158  1.00000 generacion=76
 7.67095  0.39206  0.38987  0.92042  1.00000 generacion=77
 8.38886  0.39206  0.38987  0.92042  1.00000 generacion=77
 7.54418  0.67283  0.67282  1.15185  1.00000 generacion=77
 7.62290  0.67283  0.67282  1.15185  1.00000 generacion=77
 7.61356  0.80701  0.80701  1.37345  1.00000 generacion=77
 7.64406  0.80701  0.80701  1.37345  1.00000 generacion=77
 7.62294  0.48708  0.48708  0.99131  1.00000 generacion=78
 7.63113  0.48708  0.48708  0.99131  1.00000 generacion=78
 0.00000  0.00000  0.00000  0.00000  0.00000 generacion=78
 0.00000  0.00000  0.00000  0.00000  0.00000 generacion=78
 7.60713  0.96289  0.96289  2.37944  1.00000 generacion=78
 7.62934  0.96289  0.96289  2.37944  1.00000 generacion=78
 7.56449  0.67434  0.67434  1.15364  1.00000 generacion=79
 7.62711  0.67434  0.67434  1.15364  1.00000 generacion=79
 7.59112  0.00055  0.00055  0.10293  1.00000 generacion=79
 7.59859  0.00055  0.00055  0.10293  1.00000 generacion=79
 7.52614  0.97044  0.97043  2.56681  1.00000 generacion=79
 7.66545  0.97044  0.97043  2.56681  1.00000 generacion=79
 7.56663  0.60985  0.60803  1.08452  1.00000 generacion=80
 8.19523  0.60985  0.60803  1.08452  1.00000 generacion=80
 7.21280  0.73812  0.73430  1.23460  1.00000 generacion=80
 7.89757  0.73812  0.73430  1.23460  1.00000 generacion=80
 7.51007  0.89321  0.89294  1.67153  1.00000 generacion=80
 7.91356  0.89321  0.89294  1.67153  1.00000 generacion=80
 0.00000  0.00000  0.00000  0.00000  0.00000 generacion=81
 0.00000  0.00000  0.00000  0.00000  0.00000 generacion=81
 0.00000  0.00000  0.00000  0.00000  0.00000 generacion=81
 0.00000  0.00000  0.00000  0.00000  0.00000 generacion=81
 7.88094  0.16345  0.16345  0.68888  1.00000 generacion=81
 7.89451  0.16345  0.16345  0.68888  1.00000 generacion=81
 7.72885  0.67083  0.67078  1.14947  1.00000 generacion=82
 7.90931  0.67083  0.67078  1.14947  1.00000 generacion=82
 7.87901  0.73250  0.73250  1.23183  1.00000 generacion=82
 7.89950  0.73250  0.73250  1.23183  1.00000 generacion=82
 7.82624  0.00479  0.00479  0.21242  1.00000 generacion=82
 7.87244  0.00479  0.00479  0.21242  1.00000 generacion=82
 7.60639  0.16843  0.16779  0.69491  1.00000 generacion=83
 8.02471  0.16843  0.16779  0.69491  1.00000 generacion=83
 0.00000  0.00000  0.00000  0.00000  0.00000 generacion=83
 0.00000  0.00000  0.00000  0.00000  0.00000 generacion=83
 7.52080  0.41773  0.41763  0.94176  1.00000 generacion=83
 7.72261  0.41773  0.41763  0.94176  1.00000 generacion=83
 7.55709  0.13129  0.13126  0.64031  1.00000 generacion=84
 7.68632  0.13129  0.13126  0.64031  1.00000 generacion=84
 7.59765  0.67162  0.67160  1.15041  1.00000 generacion=84
 7.73135  0.67162  0.67160  1.15041  1.00000 generacion=84
 7.52403  0.39510  0.39510  0.92451  1.00000 generacion=84
 7.60316  0.39510  0.39510  0.92451  1.00000 generacion=84
 7.57148  0.88584  0.88583  1.63607  1.00000 generacion=85
 7.70610  0.88584  0.88583  1.63607  1.00000 generacion=85
 7.59667  0.79870  0.79870  1.35429  1.00000 generacion=85
 7.60413  0.79870  0.79870  1.35429  1.00000 generacion=85
 0.00000  0.00000  0.00000  0.00000  0.00000 generacion=85
 0.00000  0.00000  0.00000  0.00000  0.00000 generacion=85
 7.48724  0.22089  0.22088  0.76160  1.00000 generacion=86
 7.58747  0.22089  0.22088  0.76160  1.00000 generacion=86
 7.61724  0.12689  0.12689  0.63311  1.00000 generacion=86
 7.66585  0.12689  0.12689  0.63311  1.00000 generacion=86
 7.46971  0.52575  0.52562  1.01768  1.00000 generacion=86
 7.68177  0.52575  0.52562  1.01768  1.00000 generacion=86
 7.50434  0.26429  0.26424  0.80850  1.00000 generacion=87
 7.64875  0.26429  0.26424  0.80850  1.00000 generacion=87
 7.61724  0.67456  0.67456  1.15390  0.00000 generacion=87
 7.61724  0.67456  0.67456  1.15390  0.00000 generacion=87
 0.00000  0.00000  0.00000  0.00000  0.00000 generacion=87
 0.00000  0.00000  0.00000  0.00000  0.00000 generacion=87
 7.47703  0.49793  0.49788  0.99859  1.00000 generacion=88
 7.61714  0.49793  0.49788  0.99859  1.00000 generacion=88
 7.69346  0.26056  0.25907  0.80319  1.00000 generacion=88
 8.31557  0.26056  0.25907  0.80319  1.00000 generacion=88
 7.32346  0.54542  0.54534  1.03219  1.00000 generacion=88
 7.47936  0.54542  0.54534  1.03219  1.00000 generacion=88
 7.49904  0.18222  0.18220  0.71427  1.00000 generacion=89
 7.59746  0.18222  0.18220  0.71427  1.00000 generacion=89
 7.19532  0.90092  0.89301  1.67191  1.00000 generacion=89
 8.59728  0.90092  0.89301  1.67191  1.00000 generacion=89
 0.00000  0.00000  0.00000  0.00000  0.00000 generacion=89
 0.00000  0.00000  0.00000  0.00000  0.00000 generacion=89
 7.48772  0.33920  0.33918  0.87866  1.00000 generacion=90
 7.60878  0.33920  0.33918  0.87866  1.00000 generacion=90
 7.59746  0.18445  0.18445  0.71719  0.00000 generacion=90
 7.59746  0.18445  0.18445  0.71719  0.00000 generacion=90
 0.00000  0.00000  0.00000  0.00000  0.00000 generacion=90
 0.00000  0.00000  0.00000  0.00000  0.00000 generacion=90
 7.61002  0.41714  0.41714  0.94139  1.00000 generacion=91
 7.62070  0.41714  0.41714  0.94139  1.00000 generacion=91
 7.60878  0.62641  0.62641  1.10203  0.00000 generacion=91
 7.60878  0.62641  0.62641  1.10203  0.00000 generacion=91
 7.61167  0.13707  0.13707  0.64961  1.00000 generacion=91
 7.61904  0.13707  0.13707  0.64961  1.00000 generacion=91
 7.66917  0.08669  0.08667  0.55757  1.00000 generacion=92
 7.79550  0.08669  0.08667  0.55757  1.00000 generacion=92
 7.60878  0.09686  0.09686  0.57861  0.00000 generacion=92
 7.60878  0.09686  0.09686  0.57861  0.00000 generacion=92
 7.21907  0.37339  0.37218  0.90628  1.00000 generacion=92
 7.59938  0.37339  0.37218  0.90628  1.00000 generacion=92
 0.00000  0.00000  0.00000  0.00000  0.00000 generacion=93
 0.00000  0.00000  0.00000  0.00000  0.00000 generacion=93
 7.60878  0.01089  0.01089  0.27930  0.00000 generacion=93
 7.60878  0.01089  0.01089  0.27930  0.00000 generacion=93
 7.59551  0.91736  0.91736  1.82219  1.00000 generacion=93
 7.61265  0.91736  0.91736  1.82219  1.00000 generacion=93
 7.59700  0.00608  0.00608  0.23000  1.00000 generacion=94
 7.59789  0.00608  0.00608  0.23000  1.00000 generacion=94
 7.59685  0.25524  0.25524  0.79921  1.00000 generacion=94
 7.60745  0.25524  0.25524  0.79921  1.00000 generacion=94
 7.58194  0.99521  0.99521  4.70831  1.00000 generacion=94
 7.62622  0.99521  0.99521  4.70831  1.00000 generacion=94
 7.07729  0.94436  0.93229  1.94731  1.00000 generacion=95
 9.21394  0.94436  0.93229  1.94731  1.00000 generacion=95
 7.59809  0.24776  0.24776  0.79132  1.00000 generacion=95
 7.60636  0.24776  0.24776  0.79132  1.00000 generacion=95
 0.00000  0.00000  0.00000  0.00000  0.00000 generacion=95
 0.00000  0.00000  0.00000  0.00000  0.00000 generacion=95
 7.10894  0.34384  0.34116  0.88037  1.00000 generacion=96
 7.57471  0.34384  0.34116  0.88037  1.00000 generacion=96
 0.00000  0.00000  0.00000  0.00000  0.00000 generacion=96
 0.00000  0.00000  0.00000  0.00000  0.00000 generacion=96
 7.60661  0.46338  0.46338  0.97497  1.00000 generacion=96
 7.62597  0.46338  0.46338  0.97497  1.00000 generacion=96
 6.42524  0.94061  0.86864  1.56135  1.00000 generacion=97
 7.86552  0.94061  0.86864  1.56135  1.00000 generacion=97
 7.59809  0.84792  0.84792  1.48696  0.00000 generacion=97
 7.59809  0.84792  0.84792  1.48696  0.00000 generacion=97
 7.46125  0.10027  0.10025  0.58529  1.00000 generacion=97
 7.56858  0.10027  0.10025  0.58529  1.00000 generacion=97
 7.57143  0.26272  0.26272  0.80694  1.00000 generacion=98
 7.59524  0.26272  0.26272  0.80694  1.00000 generacion=98
 0.00000  0.00000  0.00000  0.00000  0.00000 generacion=98
 0.00000  0.00000  0.00000  0.00000  0.00000 generacion=98
 7.45834  0.55876  0.55871  1.04251  1.00000 generacion=98
 7.60100  0.55876  0.55871  1.04251  1.00000 generacion=98
 7.33504  0.80717  0.80262  1.36320  1.00000 generacion=99
 8.26062  0.80717  0.80262  1.36320  1.00000 generacion=99
 7.46428  0.35861  0.35859  0.89511  1.00000 generacion=99
 7.56550  0.35861  0.35859  0.89511  1.00000 generacion=99
 0.00000  0.00000  0.00000  0.00000  0.00000 generacion=99
 0.00000  0.00000  0.00000  0.00000  0.00000 generacion=99
 7.65150  0.03887  0.03884  0.42670  1.00000 generacion=100
 7.77952  0.03887  0.03884  0.42670  1.00000 generacion=100
 7.15030  0.16879  0.16768  0.69476  1.00000 generacion=100
 7.49072  0.16879  0.16768  0.69476  1.00000 generacion=100
 0.00000  0.00000  0.00000  0.00000  0.00000 generacion=100
 0.00000  0.00000  0.00000  0.00000  0.00000 generacion=100
