0 2.324883e-04 2.979820e-04 2.499477e-04 2.571162e-04 2.657669e-04 2.578939e-04 G225
1 2.374860e-04 3.072811e-04 2.506859e-04 2.545568e-04 2.649257e-04 2.573487e-04 G226
2 2.389709e-04 2.806625e-04 2.493693e-04 2.553163e-04 2.677756e-04 2.576173e-04 G227
3 2.370463e-04 2.966875e-04 2.524371e-04 2.598010e-04 2.704706e-04 2.603262e-04 G228
4 2.373765e-04 2.989677e-04 2.514648e-04 2.596323e-04 2.678942e-04 2.604993e-04 G229
5 2.356476e-04 2.871555e-04 2.518968e-04 2.601491e-04 2.674096e-04 2.587008e-04 G230
6 2.384430e-04 2.726523e-04 2.465920e-04 2.598495e-04 2.674040e-04 2.561887e-04 G231
7 2.377773e-04 2.909346e-04 2.491584e-04 2.560682e-04 2.644467e-04 2.580211e-04 G232
8 2.396236e-04 3.010110e-04 2.504123e-04 2.602543e-04 2.717714e-04 2.610319e-04 G233
9 2.342355e-04 2.925765e-04 2.506353e-04 2.559790e-04 2.686290e-04 2.574582e-04 G234
10 2.367884e-04 2.843045e-04 2.489899e-04 2.596727e-04 2.687489e-04 2.579887e-04 G235
11 2.409175e-04 2.949387e-04 2.497144e-04 2.558185e-04 2.629924e-04 2.577039e-04 G236
12 2.408978e-04 2.941463e-04 2.505985e-04 2.561182e-04 2.657361e-04 2.580706e-04 G237
13 2.372779e-04 2.801894e-04 2.507519e-04 2.624109e-04 2.725020e-04 2.596511e-04 G238
14 2.391789e-04 2.831330e-04 2.522972e-04 2.600758e-04 2.710118e-04 2.590941e-04 G239
15 2.368650e-04 2.946834e-04 2.477462e-04 2.582892e-04 2.701655e-04 2.579198e-04 G240
16 2.398297e-04 2.879588e-04 2.543360e-04 2.582758e-04 2.685208e-04 2.606149e-04 G241
17 2.344792e-04 2.884832e-04 2.518960e-04 2.636051e-04 2.767854e-04 2.615031e-04 G242
18 2.428686e-04 2.963543e-04 2.530727e-04 2.579163e-04 2.684486e-04 2.598260e-04 G243
19 2.377777e-04 2.901246e-04 2.515214e-04 2.590239e-04 2.656927e-04 2.584520e-04 G244
20 2.348373e-04 2.936371e-04 2.526909e-04 2.574535e-04 2.662171e-04 2.595930e-04 G245
21 2.375512e-04 3.038069e-04 2.511006e-04 2.569758e-04 2.727053e-04 2.603911e-04 G246
22 2.417213e-04 2.967128e-04 2.481097e-04 2.603796e-04 2.652608e-04 2.581337e-04 G247
23 2.396037e-04 2.976503e-04 2.568314e-04 2.636574e-04 2.711650e-04 2.634343e-04 G248
24 2.394183e-04 2.950045e-04 2.552656e-04 2.603604e-04 2.707521e-04 2.625965e-04 G249
25 2.420108e-04 3.294094e-04 2.541877e-04 2.616106e-04 2.688222e-04 2.630929e-04 G250
26 2.424207e-04 3.015734e-04 2.535201e-04 2.593639e-04 2.666545e-04 2.599901e-04 G251
27 2.466558e-04 2.777479e-04 2.520217e-04 2.602523e-04 2.669011e-04 2.590902e-04 G252
28 2.429976e-04 2.708952e-04 2.536095e-04 2.584553e-04 2.634224e-04 2.565034e-04 G253
29 2.411915e-04 2.891871e-04 2.566028e-04 2.621135e-04 2.693825e-04 2.615343e-04 G254
30 2.382147e-04 2.869408e-04 2.517671e-04 2.635735e-04 2.735514e-04 2.611784e-04 G255
31 2.354000e-04 2.848348e-04 2.533806e-04 2.589486e-04 2.658657e-04 2.577621e-04 G256
32 2.290426e-04 2.832429e-04 2.461623e-04 2.583550e-04 2.684936e-04 2.568137e-04 G257
33 2.276532e-04 2.944867e-04 2.491479e-04 2.571890e-04 2.662150e-04 2.573158e-04 G258
34 2.372729e-04 3.180528e-04 2.475052e-04 2.579015e-04 2.677145e-04 2.580728e-04 G259
35 2.403218e-04 3.192227e-04 2.484804e-04 2.598317e-04 2.722793e-04 2.611897e-04 G260
36 2.423042e-04 3.261564e-04 2.530164e-04 2.598084e-04 2.740056e-04 2.637295e-04 G261
37 2.424592e-04 2.801910e-04 2.506562e-04 2.587692e-04 2.703379e-04 2.589687e-04 G262
38 2.384971e-04 2.808109e-04 2.525264e-04 2.572889e-04 2.673272e-04 2.579303e-04 G263
39 2.344060e-04 2.834435e-04 2.560842e-04 2.598867e-04 2.645882e-04 2.593503e-04 G264
40 2.364021e-04 2.890811e-04 2.538330e-04 2.601047e-04 2.716634e-04 2.618834e-04 G265
41 2.363782e-04 3.095753e-04 2.512660e-04 2.581890e-04 2.764452e-04 2.606404e-04 G266
42 2.406060e-04 3.051672e-04 2.517081e-04 2.624670e-04 2.717051e-04 2.621090e-04 G267
43 2.413769e-04 2.858654e-04 2.583277e-04 2.643517e-04 2.731775e-04 2.639584e-04 G268
44 2.320393e-04 2.883008e-04 2.565455e-04 2.667570e-04 2.710087e-04 2.636696e-04 G269
45 2.338442e-04 3.005579e-04 2.536878e-04 2.604979e-04 2.653216e-04 2.596540e-04 G270
46 2.415262e-04 2.975847e-04 2.517286e-04 2.578172e-04 2.660918e-04 2.594593e-04 G271
47 2.401863e-04 3.078865e-04 2.487853e-04 2.589154e-04 2.646054e-04 2.590400e-04 G272
48 2.328019e-04 3.223878e-04 2.482250e-04 2.568871e-04 2.676331e-04 2.588018e-04 G273
49 2.361826e-04 3.067422e-04 2.461958e-04 2.565157e-04 2.665698e-04 2.584169e-04 G274
50 2.343653e-04 3.017831e-04 2.522409e-04 2.564903e-04 2.670040e-04 2.586694e-04 G275
51 2.335579e-04 2.801669e-04 2.491787e-04 2.556931e-04 2.620639e-04 2.555837e-04 G276
52 2.365554e-04 2.733046e-04 2.499997e-04 2.639346e-04 2.676955e-04 2.581411e-04 G277
53 2.341713e-04 2.937660e-04 2.476928e-04 2.585235e-04 2.706362e-04 2.582575e-04 G278
54 2.386373e-04 2.963882e-04 2.465674e-04 2.585054e-04 2.639754e-04 2.577757e-04 G279
55 2.407537e-04 2.890361e-04 2.515185e-04 2.580611e-04 2.636383e-04 2.579332e-04 G280
56 2.373466e-04 2.833800e-04 2.497939e-04 2.571688e-04 2.700825e-04 2.587061e-04 G281
57 2.355533e-04 2.905837e-04 2.545854e-04 2.589419e-04 2.728084e-04 2.601682e-04 G282
58 2.315107e-04 2.731031e-04 2.512393e-04 2.584910e-04 2.651477e-04 2.565573e-04 G283
59 2.310723e-04 2.812629e-04 2.492888e-04 2.559552e-04 2.628456e-04 2.554159e-04 G284
60 2.377339e-04 2.726940e-04 2.524120e-04 2.593286e-04 2.651925e-04 2.570537e-04 G285
61 2.363101e-04 2.905111e-04 2.512866e-04 2.622147e-04 2.727403e-04 2.614928e-04 G286
62 2.417648e-04 2.845129e-04 2.555824e-04 2.595749e-04 2.689385e-04 2.600518e-04 G287
63 2.426517e-04 2.954372e-04 2.524637e-04 2.611315e-04 2.715437e-04 2.607584e-04 G288
64 2.450429e-04 2.895048e-04 2.511184e-04 2.584813e-04 2.689236e-04 2.584380e-04 G289
65 2.380532e-04 2.881983e-04 2.485230e-04 2.611412e-04 2.687691e-04 2.596733e-04 G290
66 2.407425e-04 2.783191e-04 2.518903e-04 2.561122e-04 2.643090e-04 2.569047e-04 G291
67 2.316921e-04 2.759979e-04 2.454260e-04 2.559397e-04 2.674838e-04 2.548668e-04 G292
68 2.335801e-04 2.875971e-04 2.451788e-04 2.621257e-04 2.652622e-04 2.559966e-04 G293
69 2.321347e-04 2.851262e-04 2.486428e-04 2.570255e-04 2.662254e-04 2.558393e-04 G294
70 2.337245e-04 2.818438e-04 2.475505e-04 2.562017e-04 2.626221e-04 2.551938e-04 G295
71 2.288849e-04 2.752231e-04 2.433805e-04 2.574464e-04 2.637215e-04 2.541152e-04 G296
72 2.338222e-04 2.839012e-04 2.546228e-04 2.594326e-04 2.662811e-04 2.586899e-04 G297
73 2.328159e-04 2.853371e-04 2.488405e-04 2.581970e-04 2.642976e-04 2.561216e-04 G298
74 2.394846e-04 3.056142e-04 2.482904e-04 2.606961e-04 2.692820e-04 2.593030e-04 G299
75 2.338664e-04 2.846805e-04 2.532206e-04 2.581920e-04 2.694525e-04 2.582282e-04 G300
76 2.411165e-04 2.820849e-04 2.504212e-04 2.614674e-04 2.676613e-04 2.597136e-04 G301
77 2.411859e-04 3.088659e-04 2.544009e-04 2.621293e-04 2.760944e-04 2.623097e-04 G302
78 2.352334e-04 2.952602e-04 2.514989e-04 2.602997e-04 2.702381e-04 2.603009e-04 G303
79 2.388465e-04 2.921783e-04 2.493999e-04 2.552018e-04 2.693325e-04 2.582142e-04 G304
80 2.429753e-04 2.915400e-04 2.506274e-04 2.609394e-04 2.714177e-04 2.614682e-04 G305
81 2.301435e-04 2.801642e-04 2.508258e-04 2.606616e-04 2.689922e-04 2.585683e-04 G306
82 2.324915e-04 2.804086e-04 2.530647e-04 2.626705e-04 2.741444e-04 2.610154e-04 G307
83 2.359133e-04 2.775843e-04 2.564798e-04 2.625632e-04 2.698138e-04 2.610257e-04 G308
84 2.415917e-04 3.000078e-04 2.529454e-04 2.611753e-04 2.662320e-04 2.611596e-04 G309
85 2.421765e-04 2.910182e-04 2.515159e-04 2.604867e-04 2.746920e-04 2.613058e-04 G310
86 2.379150e-04 3.006174e-04 2.479203e-04 2.581575e-04 2.644193e-04 2.567257e-04 G311
87 2.392293e-04 2.999754e-04 2.485065e-04 2.580238e-04 2.663259e-04 2.589778e-04 G312
88 2.353266e-04 2.988664e-04 2.484744e-04 2.619248e-04 2.675586e-04 2.609565e-04 G313
89 2.300849e-04 2.928523e-04 2.505295e-04 2.582931e-04 2.712366e-04 2.596063e-04 G314
90 2.359997e-04 2.948180e-04 2.545357e-04 2.602122e-04 2.724129e-04 2.621077e-04 G315
91 2.394060e-04 2.877279e-04 2.526103e-04 2.579799e-04 2.670977e-04 2.589187e-04 G316
92 2.441189e-04 2.959497e-04 2.567401e-04 2.619892e-04 2.675828e-04 2.632996e-04 G317
93 2.412007e-04 2.987140e-04 2.559925e-04 2.605369e-04 2.703379e-04 2.617058e-04 G318
94 2.346210e-04 2.911773e-04 2.520315e-04 2.604554e-04 2.690437e-04 2.598818e-04 G319
95 2.396466e-04 2.832524e-04 2.525827e-04 2.562222e-04 2.636468e-04 2.567850e-04 G320
96 2.419562e-04 2.823131e-04 2.520095e-04 2.594210e-04 2.630194e-04 2.581337e-04 G321
97 2.382265e-04 2.789722e-04 2.525185e-04 2.607261e-04 2.669722e-04 2.591051e-04 G322
98 2.433516e-04 2.920074e-04 2.498239e-04 2.580503e-04 2.641958e-04 2.595462e-04 G323
99 2.400445e-04 3.092722e-04 2.550114e-04 2.624661e-04 2.693027e-04 2.633935e-04 G324
100 2.438214e-04 2.991144e-04 2.540688e-04 2.645991e-04 2.666466e-04 2.629660e-04 G325
