0 3.027927e-01 3.235803e-01 3.072718e-01 3.111423e-01 3.168650e-01 3.114294e-01 G1
1 2.841589e-01 3.132073e-01 2.884125e-01 2.939129e-01 3.022109e-01 2.947032e-01 G2
2 2.537007e-01 3.092055e-01 2.721778e-01 2.835170e-01 2.914187e-01 2.811651e-01 G3
3 2.314084e-01 2.989064e-01 2.577624e-01 2.746719e-01 2.836820e-01 2.686690e-01 G4
4 2.165292e-01 2.778443e-01 2.476533e-01 2.564525e-01 2.647678e-01 2.527466e-01 G5
5 1.994807e-01 2.665250e-01 2.316524e-01 2.382775e-01 2.480103e-01 2.355082e-01 G6
6 1.899416e-01 2.539902e-01 2.102361e-01 2.193952e-01 2.289512e-01 2.185641e-01 G7
7 1.835697e-01 2.290279e-01 2.002577e-01 2.064287e-01 2.115966e-01 2.047822e-01 G8
8 1.628258e-01 2.124412e-01 1.857246e-01 1.909881e-01 2.008368e-01 1.911628e-01 G9
9 1.525153e-01 2.061824e-01 1.723341e-01 1.776447e-01 1.861428e-01 1.768439e-01 G10
10 1.421462e-01 1.870683e-01 1.557643e-01 1.641519e-01 1.759931e-01 1.644914e-01 G11
11 1.368757e-01 1.800683e-01 1.436267e-01 1.546578e-01 1.659637e-01 1.539715e-01 G12
12 1.204596e-01 1.649732e-01 1.335980e-01 1.379223e-01 1.475999e-01 1.409396e-01 G13
13 1.081498e-01 1.554840e-01 1.246697e-01 1.306309e-01 1.404375e-01 1.313392e-01 G14
14 9.125815e-02 1.394047e-01 1.131814e-01 1.176473e-01 1.273969e-01 1.186081e-01 G15
15 8.546100e-02 1.308522e-01 1.003897e-01 1.100521e-01 1.191721e-01 1.085070e-01 G16
16 8.065027e-02 1.211738e-01 9.135624e-02 9.990992e-02 1.114443e-01 1.001373e-01 G17
17 7.936501e-02 1.161982e-01 8.642892e-02 9.115557e-02 9.967893e-02 9.254110e-02 G18
18 7.353817e-02 1.053985e-01 7.915526e-02 8.401072e-02 9.168201e-02 8.521417e-02 G19
19 6.750977e-02 1.017011e-01 7.174934e-02 7.839942e-02 8.735210e-02 7.930285e-02 G20
20 6.181651e-02 8.951077e-02 7.114790e-02 7.497642e-02 8.094021e-02 7.470191e-02 G21
21 5.707393e-02 8.424567e-02 6.425702e-02 6.952010e-02 7.482875e-02 6.895026e-02 G22
22 4.959961e-02 7.965420e-02 5.871066e-02 6.324126e-02 7.081286e-02 6.355695e-02 G23
23 4.558356e-02 7.295873e-02 5.460062e-02 5.718651e-02 6.672731e-02 5.896662e-02 G24
24 4.236242e-02 7.525542e-02 5.062530e-02 5.561890e-02 5.983276e-02 5.508236e-02 G25
25 3.843973e-02 6.727940e-02 4.606043e-02 5.209448e-02 5.708799e-02 5.127841e-02 G26
26 3.536732e-02 6.079236e-02 4.422191e-02 4.938018e-02 5.405172e-02 4.820689e-02 G27
27 3.416194e-02 6.107496e-02 3.918222e-02 4.672829e-02 5.038113e-02 4.526945e-02 G28
28 2.939309e-02 5.838490e-02 3.781104e-02 4.394613e-02 4.602178e-02 4.164664e-02 G29
29 2.843347e-02 5.538312e-02 3.597027e-02 4.066188e-02 4.355335e-02 3.934152e-02 G30
30 2.666210e-02 5.155806e-02 3.519808e-02 3.779782e-02 4.125873e-02 3.748941e-02 G31
31 2.480874e-02 4.686041e-02 3.397169e-02 3.548654e-02 3.914077e-02 3.520598e-02 G32
32 2.397891e-02 4.111004e-02 3.089512e-02 3.334494e-02 3.585808e-02 3.292959e-02 G33
33 2.331000e-02 4.132828e-02 2.944686e-02 3.116824e-02 3.615044e-02 3.149432e-02 G34
34 2.034420e-02 3.994433e-02 2.886182e-02 2.972518e-02 3.271065e-02 2.974148e-02 G35
35 1.961335e-02 3.763618e-02 2.751370e-02 2.937271e-02 3.157706e-02 2.890282e-02 G36
36 1.776307e-02 3.613747e-02 2.505872e-02 2.763699e-02 2.991318e-02 2.704901e-02 G37
37 1.768988e-02 3.655228e-02 2.300326e-02 2.617438e-02 2.893599e-02 2.569403e-02 G38
38 1.712968e-02 3.191542e-02 2.223032e-02 2.405343e-02 2.814162e-02 2.434950e-02 G39
39 1.655403e-02 3.099941e-02 2.104976e-02 2.274441e-02 2.613927e-02 2.293030e-02 G40
40 1.538759e-02 2.820506e-02 1.956241e-02 2.185348e-02 2.430572e-02 2.161335e-02 G41
41 1.451390e-02 2.924891e-02 1.920501e-02 2.104537e-02 2.461968e-02 2.105610e-02 G42
42 1.380369e-02 2.914374e-02 1.791674e-02 2.064457e-02 2.265409e-02 2.017276e-02 G43
43 1.315206e-02 2.826979e-02 1.706320e-02 1.934067e-02 2.151544e-02 1.914575e-02 G44
44 1.275684e-02 2.611755e-02 1.638095e-02 1.924217e-02 2.113064e-02 1.855680e-02 G45
45 1.151221e-02 2.346753e-02 1.517872e-02 1.873596e-02 2.075278e-02 1.771476e-02 G46
46 1.130050e-02 2.315952e-02 1.481959e-02 1.732281e-02 1.935215e-02 1.687862e-02 G47
47 1.016772e-02 2.226729e-02 1.390646e-02 1.668010e-02 1.864912e-02 1.621353e-02 G48
48 1.000907e-02 2.417850e-02 1.360166e-02 1.607497e-02 1.770538e-02 1.548463e-02 G49
49 8.668083e-03 2.352106e-02 1.290757e-02 1.555578e-02 1.689338e-02 1.477549e-02 G50
50 8.677840e-03 2.266505e-02 1.227736e-02 1.434373e-02 1.638646e-02 1.426300e-02 G51
51 8.153780e-03 2.101590e-02 1.176693e-02 1.302332e-02 1.563604e-02 1.348178e-02 G52
52 7.734528e-03 2.031598e-02 1.097669e-02 1.277108e-02 1.546611e-02 1.289383e-02 G53
53 7.765029e-03 1.823547e-02 9.981276e-03 1.185141e-02 1.446583e-02 1.218833e-02 G54
54 8.139326e-03 1.838856e-02 9.574673e-03 1.123361e-02 1.413553e-02 1.177799e-02 G55
55 7.461139e-03 1.816945e-02 9.638919e-03 1.174612e-02 1.458854e-02 1.166529e-02 G56
56 6.605589e-03 1.691338e-02 8.742414e-03 1.133876e-02 1.362317e-02 1.105623e-02 G57
57 6.124027e-03 1.658536e-02 9.050153e-03 1.058129e-02 1.291117e-02 1.054118e-02 G58
58 5.732895e-03 1.570069e-02 8.628340e-03 9.832459e-03 1.223703e-02 9.896935e-03 G59
59 6.049702e-03 1.528888e-02 8.084348e-03 9.086021e-03 1.201966e-02 9.503155e-03 G60
60 5.194976e-03 1.402150e-02 7.267403e-03 8.619259e-03 1.081996e-02 8.879104e-03 G61
61 4.704040e-03 1.361573e-02 7.021061e-03 8.453979e-03 1.029912e-02 8.445117e-03 G62
62 4.294729e-03 1.351736e-02 6.499795e-03 7.668220e-03 9.751294e-03 7.900461e-03 G63
63 4.192015e-03 1.162309e-02 5.881536e-03 7.014335e-03 9.443981e-03 7.226192e-03 G64
64 4.175834e-03 1.244932e-02 5.599228e-03 6.783767e-03 8.795842e-03 6.935075e-03 G65
65 4.206785e-03 1.238649e-02 5.359439e-03 6.118605e-03 8.291929e-03 6.546819e-03 G66
66 3.865599e-03 1.307429e-02 5.149597e-03 5.728027e-03 7.634287e-03 6.319686e-03 G67
67 3.417776e-03 1.337273e-02 4.824747e-03 5.581408e-03 6.970813e-03 5.902209e-03 G68
68 2.879506e-03 1.216198e-02 4.649555e-03 5.167565e-03 6.515261e-03 5.663622e-03 G69
69 2.747679e-03 1.069302e-02 4.255078e-03 5.013314e-03 6.011831e-03 5.240308e-03 G70
70 2.461749e-03 1.042714e-02 3.898783e-03 4.580610e-03 5.991936e-03 4.932786e-03 G71
71 2.383575e-03 1.006229e-02 3.606930e-03 4.525931e-03 5.861069e-03 4.655816e-03 G72
72 2.498695e-03 8.376605e-03 3.526627e-03 4.304791e-03 5.430691e-03 4.439202e-03 G73
73 2.448491e-03 8.302512e-03 3.437618e-03 4.227363e-03 5.184388e-03 4.265923e-03 G74
74 2.181198e-03 8.628166e-03 3.384359e-03 4.193188e-03 4.596018e-03 4.052881e-03 G75
75 2.183892e-03 7.540142e-03 3.177072e-03 4.026092e-03 4.566965e-03 3.852936e-03 G76
76 1.931321e-03 6.707088e-03 3.016237e-03 3.564357e-03 4.448661e-03 3.641513e-03 G77
77 1.965187e-03 6.133498e-03 2.871340e-03 3.180900e-03 4.407996e-03 3.437170e-03 G78
78 1.820199e-03 6.114745e-03 2.729870e-03 3.188640e-03 4.151387e-03 3.320638e-03 G79
79 1.610283e-03 6.654880e-03 2.429175e-03 3.169852e-03 4.052516e-03 3.184169e-03 G80
80 1.477333e-03 5.207339e-03 2.347849e-03 2.943320e-03 3.768759e-03 3.000723e-03 G81
81 1.462875e-03 5.046738e-03 2.309890e-03 2.805983e-03 3.557409e-03 2.847029e-03 G82
82 1.441499e-03 5.925466e-03 2.250815e-03 2.665746e-03 3.168208e-03 2.750683e-03 G83
83 1.435702e-03 4.500494e-03 2.153083e-03 2.740919e-03 3.108375e-03 2.642111e-03 G84
84 1.386903e-03 4.070933e-03 2.027730e-03 2.662111e-03 3.169225e-03 2.527666e-03 G85
85 1.345014e-03 4.009376e-03 2.043482e-03 2.472650e-03 2.816134e-03 2.457674e-03 G86
86 1.294639e-03 3.872777e-03 2.003052e-03 2.394856e-03 2.883490e-03 2.384571e-03 G87
87 1.250360e-03 3.823362e-03 1.912014e-03 2.285348e-03 2.744641e-03 2.304172e-03 G88
88 1.251539e-03 3.645255e-03 1.799086e-03 2.214962e-03 2.653933e-03 2.194884e-03 G89
89 1.224710e-03 3.581171e-03 1.800150e-03 2.058592e-03 2.548165e-03 2.125568e-03 G90
90 1.166705e-03 2.971719e-03 1.759143e-03 2.014168e-03 2.457694e-03 2.040140e-03 G91
91 1.196635e-03 2.931511e-03 1.735620e-03 1.985131e-03 2.405369e-03 1.991450e-03 G92
92 1.111459e-03 3.015769e-03 1.659369e-03 1.923383e-03 2.399085e-03 1.944833e-03 G93
93 1.116617e-03 2.911178e-03 1.659623e-03 1.813772e-03 2.225202e-03 1.876059e-03 G94
94 1.102704e-03 2.753223e-03 1.600466e-03 1.743430e-03 2.123356e-03 1.820246e-03 G95
95 1.114185e-03 2.701192e-03 1.566989e-03 1.715902e-03 2.035993e-03 1.750590e-03 G96
96 1.105185e-03 2.427524e-03 1.467544e-03 1.675644e-03 1.926128e-03 1.671141e-03 G97
97 1.128073e-03 2.355627e-03 1.443941e-03 1.659564e-03 1.922265e-03 1.637650e-03 G98
98 1.079814e-03 2.106550e-03 1.395170e-03 1.627063e-03 1.905418e-03 1.596425e-03 G99
99 1.079026e-03 2.075219e-03 1.355562e-03 1.591010e-03 1.753010e-03 1.553458e-03 G100
100 1.090757e-03 2.125625e-03 1.298742e-03 1.569191e-03 1.773715e-03 1.512025e-03 G101
101 9.693718e-04 1.974156e-03 1.290939e-03 1.459357e-03 1.687109e-03 1.460115e-03 G102
102 9.491942e-04 2.078619e-03 1.261064e-03 1.427432e-03 1.633263e-03 1.420935e-03 G103
103 9.574589e-04 2.008041e-03 1.245465e-03 1.386520e-03 1.555875e-03 1.388161e-03 G104
104 9.300788e-04 1.986519e-03 1.238531e-03 1.335168e-03 1.459580e-03 1.341083e-03 G105
105 9.048606e-04 1.917349e-03 1.226250e-03 1.293408e-03 1.454985e-03 1.313572e-03 G106
106 9.708890e-04 1.690984e-03 1.222160e-03 1.280507e-03 1.374503e-03 1.271382e-03 G107
107 9.652965e-04 1.580474e-03 1.190240e-03 1.288784e-03 1.353544e-03 1.258637e-03 G108
108 9.347868e-04 1.792136e-03 1.166669e-03 1.227065e-03 1.346508e-03 1.237827e-03 G109
109 9.130369e-04 1.598737e-03 1.115929e-03 1.195190e-03 1.302115e-03 1.201012e-03 G110
110 9.334288e-04 1.599467e-03 1.089888e-03 1.148570e-03 1.301284e-03 1.182231e-03 G111
111 8.904881e-04 1.592219e-03 1.041474e-03 1.157354e-03 1.223989e-03 1.139030e-03 G112
112 8.564901e-04 1.464127e-03 1.028795e-03 1.123304e-03 1.211229e-03 1.110200e-03 G113
113 8.451977e-04 1.435210e-03 1.016098e-03 1.097119e-03 1.216328e-03 1.098074e-03 G114
114 8.489736e-04 1.338970e-03 9.920521e-04 1.082704e-03 1.199176e-03 1.072901e-03 G115
115 8.386776e-04 1.606085e-03 9.462001e-04 1.063557e-03 1.120206e-03 1.050376e-03 G116
116 8.124628e-04 1.494071e-03 9.441432e-04 1.036099e-03 1.110118e-03 1.028713e-03 G117
117 7.902520e-04 1.473620e-03 9.367414e-04 9.951842e-04 1.086574e-03 1.011382e-03 G118
118 7.335633e-04 1.495625e-03 9.102472e-04 9.907937e-04 1.025176e-03 9.909058e-04 G119
119 7.328914e-04 1.379992e-03 9.020654e-04 9.650302e-04 1.018076e-03 9.629630e-04 G120
120 7.398649e-04 1.382076e-03 8.923742e-04 9.554303e-04 1.009165e-03 9.535351e-04 G121
121 7.114675e-04 1.233455e-03 8.983249e-04 9.380386e-04 9.990145e-04 9.377896e-04 G122
122 7.206133e-04 1.194655e-03 8.925041e-04 9.419249e-04 9.797033e-04 9.283139e-04 G123
123 7.329865e-04 1.223174e-03 8.829228e-04 9.348637e-04 9.833607e-04 9.280514e-04 G124
124 7.370365e-04 1.205660e-03 8.601275e-04 9.289282e-04 9.514560e-04 9.128227e-04 G125
125 7.302561e-04 1.181802e-03 8.446544e-04 9.029331e-04 9.888502e-04 9.045743e-04 G126
126 7.572414e-04 1.185197e-03 8.427061e-04 8.922128e-04 9.707211e-04 9.041149e-04 G127
127 7.373287e-04 1.185073e-03 8.358859e-04 8.909888e-04 9.451359e-04 8.935724e-04 G128
128 7.212023e-04 1.054553e-03 8.353639e-04 8.806737e-04 9.233341e-04 8.703230e-04 G129
129 7.466035e-04 1.082800e-03 8.123687e-04 8.655688e-04 9.164687e-04 8.638373e-04 G130
130 6.984219e-04 1.019962e-03 8.000647e-04 8.759512e-04 9.118866e-04 8.546958e-04 G131
131 6.967712e-04 9.939442e-04 7.926150e-04 8.494672e-04 9.165391e-04 8.496857e-04 G132
132 6.884182e-04 9.547556e-04 7.951295e-04 8.276546e-04 9.125091e-04 8.345543e-04 G133
133 6.854491e-04 9.886000e-04 7.884339e-04 8.348579e-04 8.919079e-04 8.365968e-04 G134
134 6.781096e-04 9.728409e-04 7.842201e-04 8.264845e-04 8.874076e-04 8.314442e-04 G135
135 7.117737e-04 9.437656e-04 7.796214e-04 8.079611e-04 8.688626e-04 8.167568e-04 G136
136 7.068240e-04 9.354267e-04 7.754125e-04 7.987426e-04 8.578452e-04 8.048708e-04 G137
137 6.678101e-04 9.483728e-04 7.678717e-04 7.973570e-04 8.371897e-04 7.963108e-04 G138
138 6.923235e-04 9.353991e-04 7.612644e-04 7.863233e-04 8.314429e-04 7.941419e-04 G139
139 6.986138e-04 9.262488e-04 7.403230e-04 7.863614e-04 8.428566e-04 7.919413e-04 G140
140 6.572999e-04 9.320975e-04 7.437587e-04 7.778163e-04 8.173737e-04 7.785845e-04 G141
141 6.574965e-04 9.124397e-04 7.460371e-04 7.732975e-04 8.004816e-04 7.757030e-04 G142
142 6.464755e-04 9.106446e-04 7.339293e-04 7.680916e-04 8.096156e-04 7.653478e-04 G143
143 6.600438e-04 8.955507e-04 7.172391e-04 7.533732e-04 8.021745e-04 7.529172e-04 G144
144 6.658062e-04 8.437162e-04 7.086292e-04 7.520540e-04 7.945398e-04 7.528978e-04 G145
145 6.838304e-04 8.531798e-04 7.142731e-04 7.495537e-04 7.788413e-04 7.480087e-04 G146
146 6.753350e-04 8.516242e-04 7.198796e-04 7.406599e-04 7.765705e-04 7.447055e-04 G147
147 6.614326e-04 8.477915e-04 7.014393e-04 7.293008e-04 7.578451e-04 7.323561e-04 G148
148 6.444290e-04 8.502050e-04 7.049834e-04 7.332805e-04 7.513035e-04 7.311783e-04 G149
149 6.680358e-04 8.858658e-04 6.925156e-04 7.294591e-04 7.730832e-04 7.313017e-04 G150
150 6.528052e-04 8.111076e-04 6.938207e-04 7.216745e-04 7.643457e-04 7.237264e-04 G151
151 6.434398e-04 7.842480e-04 6.979658e-04 7.116710e-04 7.616469e-04 7.210269e-04 G152
152 6.369845e-04 7.718439e-04 6.815345e-04 7.282621e-04 7.452198e-04 7.151287e-04 G153
153 6.497324e-04 9.220999e-04 6.938559e-04 7.203413e-04 7.449981e-04 7.211095e-04 G154
154 6.169619e-04 9.080638e-04 6.965477e-04 7.165664e-04 7.418682e-04 7.150751e-04 G155
155 6.238689e-04 9.285507e-04 6.845532e-04 7.175507e-04 7.350554e-04 7.126925e-04 G156
156 6.490512e-04 9.039902e-04 6.904782e-04 7.224016e-04 7.526916e-04 7.234539e-04 G157
157 6.400455e-04 9.146211e-04 6.934364e-04 7.177417e-04 7.591335e-04 7.265539e-04 G158
158 6.534223e-04 7.806496e-04 6.922480e-04 7.269316e-04 7.487529e-04 7.170291e-04 G159
159 6.705810e-04 7.553493e-04 6.932993e-04 7.263546e-04 7.416650e-04 7.147135e-04 G160
160 6.223088e-04 7.783436e-04 6.871599e-04 7.137243e-04 7.336974e-04 7.081895e-04 G161
161 6.345235e-04 7.744786e-04 6.876625e-04 7.014752e-04 7.180389e-04 7.044568e-04 G162
162 6.295477e-04 8.082136e-04 6.835778e-04 7.021513e-04 7.155959e-04 6.966899e-04 G163
163 6.174625e-04 7.960635e-04 6.769658e-04 6.999448e-04 7.284484e-04 6.965118e-04 G164
164 5.918992e-04 8.418064e-04 6.707061e-04 7.018418e-04 7.329207e-04 6.986456e-04 G165
165 6.261501e-04 8.701050e-04 6.703133e-04 7.001151e-04 7.409846e-04 7.000809e-04 G166
166 6.322299e-04 8.409639e-04 6.689656e-04 7.033089e-04 7.255759e-04 6.983014e-04 G167
167 6.264797e-04 8.492319e-04 6.661915e-04 6.944709e-04 7.164288e-04 6.914165e-04 G168
168 6.158671e-04 8.512145e-04 6.468228e-04 6.894697e-04 7.182185e-04 6.894212e-04 G169
169 5.831958e-04 8.207491e-04 6.621103e-04 7.039928e-04 7.246913e-04 6.933619e-04 G170
170 5.763383e-04 7.515365e-04 6.755572e-04 7.040095e-04 7.250894e-04 6.872161e-04 G171
171 5.757530e-04 7.545814e-04 6.761758e-04 7.023502e-04 7.307838e-04 6.873199e-04 G172
172 5.910758e-04 7.559622e-04 6.657285e-04 6.807236e-04 7.172303e-04 6.827601e-04 G173
173 6.004148e-04 7.435151e-04 6.580480e-04 6.855003e-04 7.188901e-04 6.822251e-04 G174
174 5.873529e-04 7.677069e-04 6.612321e-04 6.900732e-04 7.244178e-04 6.854741e-04 G175
175 6.057802e-04 7.579099e-04 6.570670e-04 6.802881e-04 7.195123e-04 6.840949e-04 G176
176 6.006694e-04 8.147003e-04 6.575557e-04 6.827756e-04 7.269605e-04 6.871637e-04 G177
177 6.050013e-04 8.248549e-04 6.470682e-04 6.683467e-04 7.089434e-04 6.789514e-04 G178
178 5.835881e-04 8.287067e-04 6.484163e-04 6.768104e-04 7.094805e-04 6.768376e-04 G179
179 5.773569e-04 8.315457e-04 6.478401e-04 6.703212e-04 7.172513e-04 6.765635e-04 G180
180 5.683875e-04 7.657873e-04 6.465260e-04 6.645473e-04 7.016249e-04 6.709976e-04 G181
181 5.766747e-04 7.411933e-04 6.432418e-04 6.662801e-04 7.146511e-04 6.680571e-04 G182
182 6.178910e-04 7.320587e-04 6.478243e-04 6.656769e-04 7.043597e-04 6.689028e-04 G183
183 6.106435e-04 7.240469e-04 6.365384e-04 6.658438e-04 6.873402e-04 6.603823e-04 G184
184 6.019655e-04 7.132876e-04 6.265762e-04 6.560770e-04 6.865218e-04 6.559658e-04 G185
185 5.719690e-04 7.206313e-04 6.414522e-04 6.597496e-04 6.843601e-04 6.576115e-04 G186
186 5.950666e-04 7.329262e-04 6.424152e-04 6.676110e-04 6.949650e-04 6.632839e-04 G187
187 5.927639e-04 7.221363e-04 6.428474e-04 6.680797e-04 6.765877e-04 6.572874e-04 G188
188 5.784654e-04 7.252606e-04 6.433598e-04 6.600849e-04 6.865342e-04 6.583606e-04 G189
189 5.788104e-04 7.438680e-04 6.399070e-04 6.761275e-04 7.007929e-04 6.640671e-04 G190
190 5.769594e-04 7.454442e-04 6.326683e-04 6.629632e-04 6.883529e-04 6.597210e-04 G191
191 5.948072e-04 7.110652e-04 6.318392e-04 6.536861e-04 6.775895e-04 6.516116e-04 G192
192 5.840940e-04 7.446159e-04 6.318862e-04 6.451525e-04 6.718384e-04 6.485703e-04 G193
193 5.687078e-04 7.496928e-04 6.437220e-04 6.573609e-04 6.825482e-04 6.575633e-04 G194
194 5.788084e-04 7.189037e-04 6.358615e-04 6.614085e-04 6.819104e-04 6.529304e-04 G195
195 5.822366e-04 7.189319e-04 6.349591e-04 6.534720e-04 6.718573e-04 6.518465e-04 G196
196 5.579192e-04 7.337498e-04 6.317307e-04 6.524877e-04 6.747639e-04 6.490381e-04 G197
197 5.532598e-04 6.974187e-04 6.258299e-04 6.406870e-04 6.629342e-04 6.420513e-04 G198
198 5.704289e-04 7.344788e-04 6.348383e-04 6.638923e-04 6.685375e-04 6.521656e-04 G199
199 5.673476e-04 7.307426e-04 6.308477e-04 6.571710e-04 6.739392e-04 6.489767e-04 G200
