1 1.461658e-02 2.600055e-02 1.929810e-02 2.080198e-02 2.274300e-02 2.073623e-02 G2
2 1.710271e-02 3.020017e-02 1.935293e-02 2.070214e-02 2.275405e-02 2.113161e-02 G3
3 1.659154e-02 3.145446e-02 2.019321e-02 2.324238e-02 2.598862e-02 2.278286e-02 G4
4 1.259077e-02 3.515456e-02 2.124285e-02 2.313421e-02 2.584645e-02 2.321912e-02 G5
5 1.672565e-02 3.141984e-02 1.920109e-02 2.121342e-02 2.335018e-02 2.159038e-02 G6
6 1.399218e-02 3.100754e-02 1.911882e-02 2.224881e-02 2.398038e-02 2.190113e-02 G7
7 1.285258e-02 3.480545e-02 1.770454e-02 2.106972e-02 2.414711e-02 2.101786e-02 G8
8 5.321246e-03 3.138122e-02 1.808587e-02 2.361806e-02 2.572403e-02 2.103304e-02 G9
9 9.397316e-03 3.045808e-02 1.882182e-02 2.315045e-02 2.535241e-02 2.129374e-02 G10
10 4.504708e-03 3.304016e-02 1.748313e-02 2.082656e-02 2.339582e-02 1.991976e-02 G11
11 3.967591e-03 3.085250e-02 1.724984e-02 2.031337e-02 2.303320e-02 1.882191e-02 G12
12 4.718019e-03 2.912003e-02 1.510170e-02 2.138561e-02 2.404413e-02 1.837644e-02 G13
13 3.732190e-03 3.422361e-02 1.242514e-02 1.730980e-02 2.511198e-02 1.698500e-02 G14
14 3.893387e-03 2.952021e-02 1.319378e-02 1.796162e-02 2.405320e-02 1.677245e-02 G15
15 3.971755e-03 3.571737e-02 1.006077e-02 1.942198e-02 2.269993e-02 1.601939e-02 G16
16 4.339394e-03 2.838648e-02 1.309340e-02 1.879084e-02 2.354527e-02 1.672467e-02 G17
17 3.628462e-03 3.160515e-02 1.260477e-02 1.986939e-02 2.495566e-02 1.725170e-02 G18
18 3.915528e-03 3.193950e-02 4.766959e-03 1.728742e-02 2.196930e-02 1.525803e-02 G19
19 3.963432e-03 2.954249e-02 4.805905e-03 1.797978e-02 2.509714e-02 1.557563e-02 G20
20 3.920481e-03 2.994522e-02 5.332336e-03 1.725050e-02 2.188737e-02 1.560117e-02 G21
21 3.497493e-03 3.401643e-02 4.541447e-03 2.004317e-02 2.580444e-02 1.493006e-02 G22
22 3.634610e-03 2.721173e-02 4.543865e-03 1.768644e-02 2.210620e-02 1.385041e-02 G23
23 3.966197e-03 3.151563e-02 4.581729e-03 1.460049e-02 2.067909e-02 1.344852e-02 G24
24 3.850378e-03 2.543131e-02 4.258899e-03 9.060997e-03 2.099562e-02 1.141972e-02 G25
25 3.843088e-03 2.622667e-02 4.515338e-03 5.970451e-03 2.158695e-02 1.144193e-02 G26
26 3.933780e-03 2.589748e-02 4.533235e-03 5.367486e-03 1.857015e-02 1.045506e-02 G27
27 3.918558e-03 3.227411e-02 4.247215e-03 4.763618e-03 2.111314e-02 1.027167e-02 G28
28 3.651822e-03 2.973286e-02 4.393933e-03 5.183483e-03 2.359154e-02 1.200207e-02 G29
29 3.778415e-03 2.733584e-02 4.329771e-03 5.006991e-03 1.833395e-02 9.932477e-03 G30
30 3.688117e-03 3.139419e-02 4.383564e-03 4.734732e-03 2.094625e-02 1.082279e-02 G31
31 3.738840e-03 4.912360e-02 4.059738e-03 4.400215e-03 4.851852e-03 6.629976e-03 G32
32 3.703888e-03 2.672490e-02 4.295569e-03 4.612674e-03 5.118304e-03 6.976007e-03 G33
33 3.723057e-03 2.566893e-02 4.218366e-03 4.386556e-03 5.148292e-03 7.039870e-03 G34
34 4.072788e-03 2.709693e-02 4.282751e-03 4.619706e-03 5.037159e-03 6.362850e-03 G35
35 3.805174e-03 2.925609e-02 4.142975e-03 4.446837e-03 5.630382e-03 7.042345e-03 G36
36 3.569957e-03 2.540093e-02 4.002113e-03 4.418361e-03 4.705848e-03 5.557233e-03 G37
37 3.717953e-03 3.030620e-02 4.127742e-03 4.616693e-03 5.329084e-03 6.893797e-03 G38
38 3.721715e-03 2.928168e-02 4.020115e-03 4.385224e-03 5.497860e-03 6.920490e-03 G39
39 3.655923e-03 2.330151e-02 4.104167e-03 4.477740e-03 4.783556e-03 5.031011e-03 G40
40 3.922754e-03 2.798919e-02 4.127734e-03 4.535611e-03 5.028922e-03 5.861690e-03 G41
41 3.803758e-03 2.730045e-02 4.284564e-03 4.443881e-03 4.732417e-03 5.923672e-03 G42
42 3.559832e-03 2.471668e-02 4.197722e-03 4.418352e-03 4.796627e-03 5.730357e-03 G43
43 3.885493e-03 2.578453e-02 4.050218e-03 4.392914e-03 4.906243e-03 5.698503e-03 G44
44 3.720935e-03 2.836807e-02 4.162466e-03 4.472784e-03 4.798255e-03 5.876705e-03 G45
45 3.712037e-03 2.298253e-02 4.159603e-03 4.372293e-03 4.616515e-03 5.003795e-03 G46
46 3.709295e-03 3.141341e-02 4.127173e-03 4.486522e-03 5.063688e-03 6.814930e-03 G47
47 3.841351e-03 2.833990e-02 4.161113e-03 4.521854e-03 4.844795e-03 6.566348e-03 G48
48 3.693346e-03 2.270877e-02 4.106401e-03 4.454188e-03 4.595503e-03 5.553862e-03 G49
49 3.780941e-03 2.285951e-02 4.195316e-03 4.432284e-03 4.950950e-03 5.076048e-03 G50
50 3.746604e-03 3.029068e-02 4.072105e-03 4.264320e-03 4.729386e-03 6.671635e-03 G51
51 4.054245e-03 2.619920e-02 4.194889e-03 4.379102e-03 4.712404e-03 5.273088e-03 G52
52 3.843265e-03 2.284045e-02 4.101075e-03 4.333112e-03 4.848688e-03 5.014045e-03 G53
53 3.856259e-03 2.341165e-02 4.098466e-03 4.244876e-03 4.768356e-03 4.989456e-03 G54
54 3.889898e-03 2.721624e-02 4.217233e-03 4.451269e-03 4.714122e-03 5.268726e-03 G55
55 3.830441e-03 5.552040e-03 4.144739e-03 4.348550e-03 4.574633e-03 4.390081e-03 G56
56 3.927804e-03 5.981147e-03 4.251715e-03 4.447713e-03 5.106927e-03 4.584284e-03 G57
57 3.787455e-03 5.887216e-03 4.093588e-03 4.382683e-03 4.727497e-03 4.394228e-03 G58
58 3.953861e-03 5.356294e-03 4.281109e-03 4.487532e-03 4.804977e-03 4.525859e-03 G59
59 3.673421e-03 8.217825e-03 4.268208e-03 4.472048e-03 5.012086e-03 4.709059e-03 G60
60 3.837088e-03 1.654063e-02 4.260692e-03 4.528417e-03 5.038229e-03 4.904862e-03 G61
61 3.594522e-03 3.150076e-02 4.208372e-03 4.520378e-03 4.857747e-03 5.438026e-03 G62
62 3.687054e-03 6.716532e-03 4.175073e-03 4.298076e-03 4.897566e-03 4.484352e-03 G63
63 3.690665e-03 5.566767e-03 4.085325e-03 4.516379e-03 4.777885e-03 4.431340e-03 G64
64 3.860236e-03 5.525208e-03 4.090335e-03 4.496244e-03 4.755652e-03 4.433986e-03 G65
65 3.912657e-03 6.299337e-03 4.276332e-03 4.387440e-03 4.645068e-03 4.508658e-03 G66
66 3.628957e-03 5.587654e-03 4.063996e-03 4.426111e-03 4.594376e-03 4.346464e-03 G67
67 3.930236e-03 6.046015e-03 4.076844e-03 4.252197e-03 4.541050e-03 4.333660e-03 G68
68 3.825718e-03 6.665338e-03 4.109162e-03 4.425607e-03 4.695855e-03 4.477713e-03 G69
69 3.783669e-03 5.565285e-03 4.154592e-03 4.479360e-03 4.737988e-03 4.526706e-03 G70
70 4.003780e-03 7.505950e-03 4.309364e-03 4.623440e-03 4.931374e-03 4.716641e-03 G71
71 3.728618e-03 5.883195e-03 4.172234e-03 4.445176e-03 4.752156e-03 4.462589e-03 G72
72 3.836520e-03 7.189587e-03 4.291454e-03 4.467029e-03 4.726514e-03 4.547641e-03 G73
73 3.738384e-03 4.906482e-03 4.164827e-03 4.455209e-03 4.636454e-03 4.344836e-03 G74
74 3.811723e-03 6.406636e-03 4.238851e-03 4.400717e-03 4.812652e-03 4.525915e-03 G75
75 4.022772e-03 1.216657e-01 4.267819e-03 4.414947e-03 4.645427e-03 8.369374e-03 G76
76 3.673570e-03 6.110802e-03 4.275122e-03 4.446330e-03 4.746176e-03 4.529007e-03 G77
77 3.877936e-03 5.731571e-03 4.204496e-03 4.409468e-03 4.811527e-03 4.506327e-03 G78
78 3.710618e-03 6.141861e-03 4.164544e-03 4.395840e-03 4.674914e-03 4.459028e-03 G79
79 3.708850e-03 6.537364e-03 4.155894e-03 4.383711e-03 4.722711e-03 4.455790e-03 G80
80 4.020854e-03 6.258467e-03 4.251858e-03 4.406636e-03 4.730650e-03 4.551764e-03 G81
81 3.597375e-03 5.522071e-03 4.285462e-03 4.608203e-03 4.855754e-03 4.527330e-03 G82
82 3.777552e-03 5.239082e-03 4.297868e-03 4.515576e-03 4.792371e-03 4.497473e-03 G83
83 3.993832e-03 5.325840e-03 4.271813e-03 4.491498e-03 4.878678e-03 4.545672e-03 G84
84 3.777914e-03 6.770923e-03 4.261933e-03 4.572166e-03 4.948099e-03 4.606390e-03 G85
85 4.008974e-03 5.341656e-03 4.277089e-03 4.410335e-03 4.660824e-03 4.463510e-03 G86
86 4.035721e-03 6.237170e-03 4.321641e-03 4.607218e-03 4.869970e-03 4.696574e-03 G87
87 3.831553e-03 5.501873e-03 4.259624e-03 4.433136e-03 4.800459e-03 4.508523e-03 G88
88 3.812966e-03 1.118078e-02 4.304897e-03 4.437257e-03 4.673011e-03 4.676281e-03 G89
89 3.908535e-03 6.070223e-03 4.213208e-03 4.351797e-03 4.673210e-03 4.490345e-03 G90
90 3.784520e-03 5.883971e-03 4.345337e-03 4.538579e-03 4.795218e-03 4.583273e-03 G91
91 3.779099e-03 5.894492e-03 4.247623e-03 4.623051e-03 4.988547e-03 4.619746e-03 G92
92 3.858690e-03 5.444776e-03 4.235522e-03 4.454234e-03 4.848080e-03 4.490189e-03 G93
93 3.812952e-03 5.522224e-03 4.310718e-03 4.606758e-03 4.692138e-03 4.531450e-03 G94
94 4.124043e-03 6.115530e-03 4.286049e-03 4.444573e-03 4.754357e-03 4.590900e-03 G95
95 3.907385e-03 5.114249e-03 4.208562e-03 4.518596e-03 4.663412e-03 4.461599e-03 G96
96 3.920241e-03 5.868474e-03 4.299422e-03 4.596810e-03 4.907539e-03 4.616862e-03 G97
97 3.899210e-03 6.848014e-03 4.434761e-03 4.609237e-03 4.940677e-03 4.711323e-03 G98
98 4.133704e-03 7.673972e-03 4.233361e-03 4.471731e-03 4.707037e-03 4.633710e-03 G99
99 3.932187e-03 1.050449e-01 4.352167e-03 4.585777e-03 4.802126e-03 7.905563e-03 G100
100 4.057483e-03 5.285283e-03 4.336653e-03 4.525305e-03 4.754227e-03 4.549139e-03 G101
101 4.157604e-03 7.087358e-03 4.403039e-03 4.609929e-03 4.791109e-03 4.672521e-03 G102
102 3.936075e-03 7.097596e-03 4.490213e-03 4.733202e-03 5.112187e-03 4.779993e-03 G103
103 4.008958e-03 6.000699e-03 4.399936e-03 4.752883e-03 5.165472e-03 4.737475e-03 G104
104 4.067815e-03 6.213286e-03 4.385442e-03 4.702369e-03 5.158724e-03 4.757843e-03 G105
105 3.845469e-03 5.552524e-03 4.542403e-03 4.662369e-03 4.927119e-03 4.710019e-03 G106
106 3.987438e-03 5.654084e-03 4.393607e-03 4.617472e-03 4.895021e-03 4.650481e-03 G107
107 4.046452e-03 5.812229e-03 4.540630e-03 4.746361e-03 4.986783e-03 4.722947e-03 G108
108 4.034702e-03 6.547447e-03 4.494618e-03 4.759870e-03 5.069371e-03 4.801394e-03 G109
109 3.863818e-03 6.380871e-03 4.489942e-03 4.668595e-03 4.822487e-03 4.669942e-03 G110
110 4.233143e-03 1.672016e-02 4.468005e-03 4.630529e-03 5.006214e-03 5.094834e-03 G111
111 3.807745e-03 7.848839e-03 4.566113e-03 4.806787e-03 5.083827e-03 4.892319e-03 G112
112 4.092526e-03 6.508882e-03 4.451908e-03 4.815825e-03 5.198603e-03 4.846984e-03 G113
113 4.155905e-03 6.255817e-03 4.574313e-03 4.804844e-03 5.219587e-03 4.888990e-03 G114
114 4.177294e-03 6.475768e-03 4.644626e-03 4.819347e-03 5.086974e-03 4.894419e-03 G115
115 4.249117e-03 6.301217e-03 4.507348e-03 4.835533e-03 5.226264e-03 4.850211e-03 G116
116 4.228952e-03 4.463184e-02 4.684796e-03 4.829879e-03 5.120497e-03 6.165808e-03 G117
117 4.202767e-03 3.188397e-01 4.662561e-03 4.943431e-03 5.298570e-03 1.550906e-02 G118
118 4.312833e-03 2.087012e-01 4.608667e-03 4.823132e-03 5.248814e-03 1.183785e-02 G119
119 4.253470e-03 1.023467e-02 4.628896e-03 5.009863e-03 5.406118e-03 5.301617e-03 G120
120 4.060065e-03 5.851459e-03 4.737071e-03 4.932851e-03 5.065250e-03 4.858836e-03 G121
121 4.278739e-03 9.055082e-03 4.568415e-03 4.773027e-03 4.992679e-03 4.902027e-03 G122
122 4.430231e-03 9.062469e-02 4.786991e-03 5.080842e-03 5.634696e-03 8.078360e-03 G123
123 4.330325e-03 1.066627e-02 4.729056e-03 5.202719e-03 5.579301e-03 5.401663e-03 G124
124 4.323106e-03 1.522170e-02 4.787765e-03 5.085519e-03 5.575040e-03 5.713270e-03 G125
125 4.187550e-03 9.769146e-03 4.782728e-03 5.179021e-03 6.204294e-03 5.641417e-03 G126
126 4.532918e-03 9.411021e-03 4.782703e-03 4.950437e-03 5.802526e-03 5.388662e-03 G127
127 4.333703e-03 1.025740e-02 4.651355e-03 4.916959e-03 5.068507e-03 5.113271e-03 G128
128 4.453657e-03 1.596343e-02 4.915279e-03 5.221327e-03 5.733680e-03 5.869724e-03 G129
129 4.505240e-03 1.612128e-02 4.857460e-03 5.260888e-03 6.858308e-03 6.060259e-03 G130
130 4.445712e-03 9.088947e-03 4.914060e-03 5.260562e-03 5.991553e-03 5.553790e-03 G131
131 4.392254e-03 1.084885e-02 5.002010e-03 5.328497e-03 6.100386e-03 5.819995e-03 G132
132 4.516852e-03 2.334935e-02 5.026728e-03 5.315512e-03 6.476288e-03 6.483062e-03 G133
133 4.755222e-03 1.017777e-02 5.315892e-03 5.747409e-03 7.642262e-03 6.247722e-03 G134
134 4.396155e-03 1.151073e-02 5.123787e-03 5.876184e-03 8.182904e-03 6.653374e-03 G135
135 4.523945e-03 5.053445e-02 5.221307e-03 7.278544e-03 1.107659e-02 8.837258e-03 G136
136 4.663732e-03 5.823330e-02 5.487478e-03 6.631385e-03 9.991573e-03 9.691563e-03 G137
137 4.929102e-03 7.842590e-02 5.638616e-03 7.480175e-03 9.941855e-03 1.336652e-02 G138
